"i","lambda.1","mu.1","lambda.2","mu.2","p"
1,2.7154302795751,0.686429360137022,6.12634317795189,5.74517435440061,146.638291794616
2,2.75806700145037,0.122632803856747,7.53297805331585,6.04971133857572,147.77751278685
3,2.7214938608015,0.184945128212786,6.94768518240133,1.84496364224902,147.336355142375
4,3.82214501498631,0.446359203646045,5.97702950093475,2.115989703439,149.214610354517
5,3.03132782616963,0.36207250315854,4.65416129940846,1.40243455784743,150.453332422752
6,3.18790176134904,0.491834219910775,3.23268029293806,0.423330385407195,151.359107805718
7,4.46297867868556,2.70613792888864,4.45353791147367,0.68244567803981,148.762166259075
8,5.31530356589269,3.53071540459285,3.29839761520078,0.212971055666406,148.701623069752
9,5.30313400259241,2.38673676011994,3.49530679251272,1.37595367105918,148.550015402777
10,4.11492826510563,2.27711297965926,3.82670239659794,0.556694653366316,149.629221958676
11,5.23975893401491,3.15231020683971,3.67229112854249,0.609599129413699,148.791251319207
12,3.77345273418608,0.14436558517493,3.89479200974532,0.111442057167892,151.145779515716
13,2.77930936618362,0.315152854666038,3.2841671147013,0.10419339534772,151.060472906601
14,2.79005648112579,0.684907060962044,3.30948037216318,1.40413423037943,149.62409595866
15,4.06020022514923,0.588347395819433,4.79982328867325,4.08595080800512,148.575996644339
16,2.72611235793594,0.151697912611882,6.32250609893578,3.07861105954171,148.819973917614
17,3.22115922563669,0.673666052933951,5.34086250411428,2.59820494167004,149.69571622386
18,3.64385135303034,0.168456177848937,3.36884292959885,0.646286994292419,151.420586960729
19,3.85279222669583,0.204016308584027,5.20628611225931,1.33071560589719,149.863429927837
20,3.45213961709357,0.490644101656398,4.8924476699565,0.860492853778544,150.324509749142
21,3.68931131274308,2.98141725138883,2.49971906317472,0.0198733557485518,147.576407090119
22,6.57443280846132,3.9357902831754,2.51022033842917,0.181782949276295,146.891043444822
23,5.62823673055303,2.61023103428809,2.58536404067997,1.32934005416819,147.181555103122
24,4.69641215428548,1.22066897043343,4.05970699713657,1.05201382570193,149.539340026717
25,3.08248834185916,0.0773084166691898,3.81896830284674,1.52031899823172,151.097644186839
26,3.25015080675493,0.712606560898655,3.10429868671003,0.756387516558379,150.929400506593
27,4.77183346744728,1.10507682753201,3.32108457134085,0.241093611367084,149.852167165334
28,3.18542821366054,1.08289023822013,3.91329538673917,0.34863853791968,150.255477530926
29,2.9866619551103,0.227626641858945,4.26631290693127,4.01175090057987,148.629143231589
30,3.72091316280952,1.93617624219668,6.97383917386708,4.14002426801168,147.220009238776
31,4.75734260252354,1.90815642019844,6.96568989992509,4.05475043555097,147.217528713457
32,3.20223465926953,0.185320007119667,4.04394138911784,4.04866304493063,148.51717907488
33,3.3512496831319,1.23083041363885,6.55866533848467,3.68298674641166,148.144044342438
34,4.4411262969858,1.27957152533082,3.46738486907447,3.90635595627869,146.538248548311
35,3.51373207833712,0.49291875007908,4.73924217089086,2.26140404932264,150.379547846945
36,3.36392567365758,0.297745250967953,5.41043226615752,3.44963096647982,149.840112755831
37,3.13783332878185,0.184583854338932,5.41443918662267,4.59956452819315,149.028925065882
38,3.13415978611407,0.581457481320173,7.96911233152546,8.01101112448561,146.387417966201
39,3.33602848399983,0.863716228707185,10.4273897348929,6.57245177462026,145.387685387
40,5.00234258204441,1.87426298178282,3.903727846799,3.87864030545519,146.482836202367
41,4.55389936747087,0.981875114120332,5.41263391549877,1.05171186653754,148.439089850725
42,3.11891170378876,0.0500504524672764,3.23079574704596,0.493524020805579,151.70782104283
43,3.17336369737951,0.108305867024382,2.90434718101498,0.115686551574314,151.864042345584
44,3.65906654723931,0.248943637495618,2.934734586253,0.538800850881021,151.371775172051
45,3.60262365090429,1.15005094652516,2.76183648189807,0.338874057705399,150.86445717622
46,3.67846709697916,0.495352410341537,3.16520839182813,0.419574353347164,151.421374533913
47,3.68179448177361,2.23221166712933,3.39516506547326,0.714076095236786,149.187218513515
48,5.05108686561081,2.55453885621819,3.40027740637319,1.55405607044466,148.689022409585
49,4.69670738653,2.29196734461661,2.07703615359934,1.79180066779584,146.439107155368
50,4.85725222774896,1.98314518844462,7.69107292621939,1.27521219024688,144.147370809007
51,4.42109014845966,2.81810037542818,5.07748277100165,3.85128820010289,147.241365487656
52,5.15156050458779,1.25583960027302,6.16139326904176,3.47996976310636,146.799121688985
53,3.36194337199489,0.50450951391325,4.74810371179434,2.43718070658876,150.283093533577
54,3.48801283447768,0.0448818100818402,4.65230874071923,1.74434513379507,150.775282138243
55,2.84440903840565,0.762462758168176,3.52155223538489,0.130871296725873,150.311978236461
56,4.16607442829435,0.548090367834178,2.71861728650493,0.347185575161746,150.714681688939
57,3.35664337276954,0.255097915127418,2.42455411732521,0.170773008788225,151.454739425478
58,4.66616822738243,2.66049863178218,3.20144402864789,0.0572915107223284,149.743546709703
59,5.09045342980678,0.0590727527823999,2.41786056581411,0.551542706848633,146.993036361034
60,4.63776735242239,4.54263313839879,4.54899688787379,2.95953923217475,144.439831331964
61,5.01138077769676,5.88100012947619,6.14336982962976,1.82901159745398,140.359626058334
62,5.79773762307569,3.72807934935808,3.32716150671546,1.27203845514122,147.63451859652
63,4.50425539011418,2.08162918327243,3.77461352900369,1.29861587193249,149.629648301788
64,4.02651825659656,2.35889506386294,5.26893204845582,3.32750904256968,147.950711748715
65,4.64864723344617,3.27565027140734,4.78103182445007,1.3877328010497,147.791521700223
66,5.27745079183119,1.59534591845281,3.50127090075763,1.63720288011776,148.077536951804
67,4.6538866583414,0.767249728514725,3.49294384864244,3.05867904124249,147.425157178832
68,3.2747343633178,1.81289404825602,3.43002847677167,1.86283689871793,148.251528622237
69,3.8182219722237,1.32683874589375,4.5417248973703,1.02258235490066,150.05257332667
70,4.361994239796,1.33600776617254,3.02948863336643,1.27876676393547,149.806349314814
71,2.69716940046867,1.55654167052852,3.70127064406011,0.533642773589455,147.549219457816
72,3.15066004598013,0.689922863861552,2.90558358000577,0.555200340424286,150.900049850151
73,3.31769701455748,0.828787375354757,3.0308858881782,0.934702700018051,150.675690360936
74,3.78268452949197,1.60739681798191,5.15797204575679,3.95764954437925,148.382363772536
75,3.72859998261536,1.88002895335658,5.52479234015307,2.312098258659,148.465661041182
76,4.53313546088613,0.684928419390966,4.58258205581633,0.904591546734165,149.283943096153
77,2.77221821510209,0.547622503523679,4.54911166204983,3.03368639086604,148.959108768884
78,4.30512343373719,1.31834042606328,5.1423695907727,2.9946854463981,149.097683446978
79,3.91748671938767,1.9082338419216,4.9374638987118,0.695944888339874,148.945225513959
80,4.23541905916757,0.658724646774454,4.68913760803328,2.37961215824539,149.581941415563
81,3.86615010647555,0.148343509779535,4.96396288769993,2.33239341997293,150.026852974462
82,3.52314189631458,0.611024150167285,4.57761822129424,1.03386784670975,150.591143799705
83,3.09717768436991,0.540693180441761,3.96902392113083,3.1118148637858,149.23827536839
84,3.22900582702244,0.220584879569904,4.10663450371858,0.441575952897207,151.234879007604
85,3.69074650346643,0.616492868862276,4.20945083740364,1.78270774879612,150.591872954503
86,3.57865179590948,1.19335761279641,6.2578435646545,5.18100001878036,148.015604920005
87,2.86248761198339,0.151372099336006,9.35973036354336,6.27521463169603,146.784453834659
88,3.35601255962467,0.167386588814509,6.18448124889959,2.72449381315236,149.531173216209
89,2.91160549370563,1.54331634442134,3.21921014596189,1.30182571973082,148.090336918436
90,3.47209787975838,0.24139723244898,5.94074759676154,5.43659385355907,148.451149799854
91,4.80656128495984,1.47289281041844,8.61566466044187,4.0918964752763,145.14749180767
92,3.1452348606921,0.639235042601036,4.87234228963931,4.84752824435167,147.822878441829
93,4.25704219607671,1.2684924894972,5.1595215469914,2.87804828916772,149.204006316699
94,4.14281385050396,1.58866868299026,3.66898565536719,1.12515733834702,150.216957875192
95,4.94194320636443,2.30563630164101,3.73708083525853,0.677797133555469,149.422122607108
96,4.17764220531464,1.73886863591185,2.68652768104407,0.709933184100923,150.000685824604
97,3.66984108976533,2.43262389085206,4.42517240716284,3.30343970907546,147.051152170406
98,4.6668333178071,0.241410890850099,5.06696925226323,3.06320365506256,147.840716090707
99,2.21051129485284,0.0393534749783528,5.27393020742087,0.618532307678733,147.621360096758
100,2.6501618193475,0.0158144046448296,3.59342500602704,0.949267445419023,150.821938362976
101,4.91578608448951,4.41115773236555,3.38688034994811,1.02859507865155,146.545532791219
102,6.8272529042088,3.82247277920921,5.15868882622587,1.08376581858619,144.987733336225
103,4.84045486069181,3.53366576179795,2.37163483426414,0.989646155689671,147.247242102714
104,7.16712197189184,5.15697128665677,2.67169203435351,0.896303085683638,145.366619125693
105,5.90730285618194,5.4649443264762,3.34973146296254,1.03459945440751,145.653061200591
106,6.05152263749583,0.848998509740882,3.98489721783544,3.04075779782772,143.1776022458
107,3.78465856294378,0.869432902642231,4.37981982291208,2.77093032954385,149.80706270357
108,4.03389511942476,2.20252430399956,4.32755423393173,4.3189836584337,146.716626949063
109,4.39036773099283,0.216267620650738,5.7457703757312,0.30240875456864,147.395161671485
110,3.13022376112943,0.803796727220236,2.99077388452046,0.0833608547437295,151.038259151207
111,4.80120510193368,1.64976668012289,2.82679827525396,0.0178649276990944,150.081782277475
112,5.26628105695285,2.76409379350468,2.7583215376114,0.00273740289092672,149.298163042729
113,4.66778311989556,1.44768672527455,4.14194171709008,1.84974137952175,149.307162813979
114,3.13736604754215,1.57341400684176,3.22676680234444,0.533055571864885,149.3592426216
115,3.66794911464423,0.966471913666056,3.60664554022295,2.41578934742481,149.667912782837
116,4.11245887960955,1.64347105402603,5.72886244710031,4.84329848351196,147.852573666364
117,4.26912931769707,2.3873227173178,5.2142884729464,4.86855560459117,146.787313230148
118,4.77910527455292,1.41075341972725,6.69586702010407,5.07060630840777,147.093477861199
119,3.08934622649162,0.472958649856211,4.43121956410996,4.32910169766921,148.20190778168
120,3.67999093716471,0.366181439679952,4.54123905200771,0.682289259536316,150.65074276359
121,4.88437395112022,2.29093987244511,2.78750510597018,1.46931865696265,148.466919570529
122,4.54080479665077,2.3652538101156,4.98275782232051,2.63636594281018,148.546849177347
123,4.31891156010066,0.479073014515517,4.97233485260929,1.93256207600889,149.337265287194
124,3.79354136359789,0.425424816317775,5.57049149651685,2.67649325030715,149.704317174197
125,3.0455919563451,0.597875818846218,3.61302016202038,1.82514628011522,150.157999514225
126,3.49484776723552,1.46195962667188,4.64003866517756,1.3978239953055,149.53959311999
127,4.0581321671092,0.057497134344659,2.98216487703928,0.258322123631872,150.92589020023
128,3.50203154370654,0.969500505869702,2.29590571989118,0.0606808347839016,150.840165232281
129,2.59004740905709,1.23247333565034,4.4009478825045,2.62248906537774,146.866206134391
130,4.79039567052368,2.3049977582506,5.00057305994879,0.390676840856392,148.30720649196
131,5.46916284984317,3.52237908356401,3.98445158938956,0.228299467423212,148.240568043152
132,5.50198677273542,4.40956018772546,2.1511872244914,0.240427891883472,146.891747264119
133,6.44730899067844,3.63739689784129,4.58770846541872,1.77717847395283,146.285919504046
134,5.20377574202917,3.20440820687098,4.61171376612434,1.39609376644821,148.091890211998
135,5.50367300084312,1.62991993806192,4.78923593697662,2.07219519433228,147.175583850335
136,5.60985222164462,2.13794265514095,4.45774264128818,1.61323299940995,147.570620698485
137,7.24417817589497,5.4224079975152,3.23428947160182,1.88408241602202,144.680686450912
138,6.56739026253869,3.23684274200987,4.95113312011954,1.903442740572,145.525613300127
139,5.27420973895348,2.64751949097395,4.39886856412606,1.06781365106767,148.472535441697
140,4.57553756009111,0.813217909156925,4.09426712364534,1.38386661763243,149.508161924789
141,4.00831178506336,0.326673107933283,3.62876995113832,0.256164555855,150.985145908682
142,3.14322990763185,0.205087050895788,3.06638521236369,0.00415863842674738,151.829625516589
143,2.91003812988608,0.67088797569095,2.14670866042494,1.94294508192031,147.139566175937
144,3.05440069111217,0.480971406835501,6.43700824827267,5.062540074425,148.446773134661
145,3.67574212554402,0.00451100636723349,7.23173378367219,2.97410543803313,148.142501666271
146,3.5694087711351,1.75452818727735,5.91523490589861,2.20234129045422,148.038460983425
147,4.20563370759346,2.44067447146421,5.40719211401463,2.79977958459674,148.136083127655
148,4.05197608304355,2.23027645872966,5.5081421748583,2.87670839952122,148.244795210731
149,6.04574226211439,5.37505799279088,4.80930423175636,1.4536771725001,145.29412474022
150,6.89759279708442,4.6681652615499,4.99620627753063,3.30938884270375,144.840379448589
151,6.34391726003612,5.00641767029418,3.76876284820161,0.684375376622182,146.63803853271
152,6.25050067922263,4.67789293953062,3.19610855289853,1.27778960367001,146.593345170039
153,5.53156978134098,3.40982385961753,4.84715347569719,2.09575316808511,147.477543574135
154,5.13058222376448,1.48142473500314,3.76490887154576,3.82501856658914,145.919361991926
155,4.58091732536202,1.69966036175796,4.4864968175985,0.500179042340394,149.427521324808
156,3.94597069680676,1.34403624108661,3.48070700004559,1.10672340403572,150.447690667818
157,3.93027459215478,0.70825928256882,3.29558183655003,0.90805670178008,150.869305728273
158,3.40772859471894,1.03470055766928,4.12425943732958,1.07478017851177,150.421386431023
159,3.98079656391271,1.98133773444567,3.53900636392004,1.36520248430059,149.625177836967
160,4.65387574046545,2.40701088135552,3.87062235376136,0.316176047424002,149.579487728216
161,4.69366724198329,1.93811575280151,2.70305786027536,0.101810634642602,150.103385367595
162,3.79590817377778,2.69391448904232,3.78077078979469,0.658503418505164,148.359836369064
163,6.03612828179686,4.81783124181626,3.90808000465566,2.19304554759543,146.061400414108
164,6.06362556030764,2.50431291633602,5.00290513925278,2.00417528677683,146.251263354888
165,5.00925642595214,1.76337090997997,4.23648546995674,1.92336376561772,148.696655865127
166,5.09734514264778,1.66693421868431,3.04076144992371,0.715898431497938,149.094438362956
167,3.43083466134171,1.63299441155983,4.03772374322251,0.179219209281996,149.643545858508
168,2.99379413898523,0.788516219557301,2.52168033511337,0.803374309595854,149.849088735055
169,2.9523620946514,0.430615105039763,4.84108179399387,3.70936746713565,149.095182107602
170,3.32196452695994,0.015203794453815,5.24833471261457,2.04926835000398,150.424114369389
171,3.68437551978279,0.244167570699889,4.30742188525715,0.838186177020143,150.898791872041
172,3.61358378256182,0.628491313704921,4.70988918250859,2.00392717093058,150.368795691811
173,4.50366999816379,0.562272697063395,3.67559448811338,1.92896813068652,149.172258297238
174,3.83282789027596,0.55364278675645,4.16045570597199,1.74230062249756,150.537948710846
175,3.16764497549048,0.495873732234043,4.70964031558328,2.07488014446239,150.300298553475
176,2.83748465985046,0.527509630893992,4.6542007931286,4.65521857010121,147.437854001409
177,4.43831431578675,1.83481597544875,8.01569250589307,6.07265597897303,146.713320797852
178,3.85314098637011,1.61471348287251,8.43631152195631,7.03102735113229,146.512904296459
179,3.81180757736499,2.16389755680681,9.12513609698337,8.35027499539341,144.920747781825
180,4.15933841253488,0.799276022147937,9.87590490353788,6.09561738189836,145.630735598819
181,3.42827946391648,1.56420090214521,9.74221719555759,7.28518753147463,145.405258010397
182,4.43237500221921,1.09169072252981,6.83011215455102,3.43485351863158,147.759082854021
183,3.31648543777015,0.439619356997366,6.58908817747759,3.18772242093384,149.001376388822
184,3.44730424890557,0.268225017493519,4.96251073781933,2.23709900655661,150.433317780606
185,3.49358101836857,1.26823380697732,4.62851731438457,0.186279869642399,149.651103374341
186,3.63014532264383,0.192825514079304,1.86900244875943,0.0334930835545666,150.574002214151
187,3.16088308888556,0.373217969145936,3.79976420306351,0.622198424102379,151.238193382537
188,3.53306130224156,0.0958148372875334,2.446044825464,0.797704335095635,150.772914547169
189,4.83285528160249,2.25212613083743,4.0274513150031,1.75791451498104,149.032152692276
190,4.20601774194199,0.840150643994925,3.44169328494663,1.31117468986803,150.265451631285
191,3.3388327382248,0.0760235564122447,3.40388859012235,0.540772072631177,151.687256680216
192,3.48170669075401,1.19968292028914,2.86506762335174,0.205811299058601,150.850906149324
193,4.23106780541805,1.2464396474036,4.06009522929223,0.817799818020594,150.29992091047
194,4.60161402253977,1.0410741561738,3.88937170478207,0.256551342712588,149.891560109818
195,4.17138893367088,2.51684938464174,3.11104377892682,0.949464700325227,149.17054215524
196,4.78157476731657,0.627635577625943,2.48935020800158,0.631177776549433,148.800084242538
197,2.80621653310402,1.60955826241136,2.75752658813374,0.563251824245447,147.812091936385
198,4.64411153244417,3.24442524072114,4.57012726233209,1.02387450914397,148.011757605142
199,4.74807246278689,3.38171475258932,4.74637559815814,0.63730861318262,147.632239731777
200,5.19192394135953,2.67717043792737,4.64444613343486,4.37382295732848,146.338134139606
201,5.27906972145384,3.98591533778089,6.31841661452501,3.97525231494339,145.789584501664
202,5.94060290012598,4.142057602889,8.61479388148918,6.14106400488612,143.865669048954
203,5.74035592016382,4.05658968023845,5.35628342149953,2.7769768820095,146.461678460857
204,5.09229044259302,1.00735498324626,6.0410458504065,1.73300226710407,146.533569502872
205,3.8802269410292,1.10771243593654,6.92046894553309,5.82028465969687,147.769116133059
206,4.09222213337683,0.526907081196849,6.27056296724065,3.7068448045286,148.726345425744
207,3.04143046577598,0.141814769722933,3.55447390834147,2.18510292071966,150.344055500332
208,2.37837179360616,0.0299382961927218,5.30945693320806,1.97856646461414,148.771067119236
209,3.25007195647872,0.216821220733622,3.14018702007994,1.22029170897719,151.06445774067
210,4.08739099231725,0.636483366663944,3.86497052445837,0.174551994225944,150.745359900451
211,3.15556200656302,0.316002187022059,3.92232267740367,0.146248299329804,151.257970432809
212,3.06343744824062,1.30620554872402,2.10298045471813,0.472639837391207,148.725800051495
213,4.7092350263608,2.53494467526327,3.61124673238949,0.557946109750117,149.553920264151
214,3.98705185885232,0.0886038526215407,3.31831173331839,1.5925055574284,150.185544406282
215,3.79623053828267,0.423914086113543,4.19500128416302,2.34210071729737,150.243012434404
216,3.26375533595887,0.823592137064897,4.19724431733233,3.45366672456258,148.872824557109
217,3.01528752770663,0.977115040024246,3.89891622157237,1.08136164832777,149.927032939951
218,4.05257575790028,1.32785171283668,3.03314870045211,0.0354996597336305,150.999825418439
219,4.12988197946609,0.175977048109724,2.90441389391133,0.523083785017273,150.617167690826
220,4.08671913643341,1.18997325683808,4.8744489376487,3.69066305016372,148.864993647437
221,2.9817419847256,0.964347250546842,6.54905751001384,3.29077013356838,147.829131171971
222,3.49586156933288,0.357984808735958,4.37717157660204,2.30755553561941,150.507068058715
223,3.06413620068941,0.497327118316288,4.25222791437634,3.34633194227881,149.212555886095
224,3.26861538022222,0.338194466772665,4.17520270337071,0.822124022217396,151.082420893142
225,4.02990245889364,0.678852826800886,3.12866591095387,0.671596520829807,150.877516781486
226,3.1024366436391,0.203981902349276,3.30558996192658,1.84662706596208,150.491865463881
227,3.46975710789311,0.0112403293166695,4.67927574894267,1.23711582701742,150.824065648109
228,3.15907297687025,0.256667583606327,3.74354451308038,1.21533453114556,151.151791729839
229,3.29442791261778,0.806801940956338,2.1056210183589,1.06557170688847,149.105711672363
230,2.60905000344174,0.0822979358438478,2.2226666134395,0.0340085759366402,150.58305104992
231,4.21221250003582,1.23582061263082,3.67580180989016,1.40382682098559,150.191503664736
232,3.38386519683452,1.08291911438325,2.75740302070813,0.112373582770222,150.924481219528
233,2.9394952534069,1.37372435320664,2.57745743805407,0.46699124444311,148.913104560274
234,3.28820837329928,0.697170725891312,3.95028224509392,2.70852754869335,149.69690648702
235,4.31925551525476,1.14674061388424,5.93653256155183,1.81994420191334,148.475004807744
236,3.77193931925789,1.30871517311558,5.5602189314269,0.650048050869627,148.646835442057
237,4.47321367012675,1.17379225711041,2.81316888769269,0.37852394689434,150.323075219323
238,4.73298692972789,1.7557727426279,2.83382397455578,0.458642569117841,149.879080191235
239,5.25620346771872,2.21911621075677,2.90309123356774,2.05258602981756,147.302265894158
240,3.59484107585088,1.85099338624923,3.12025234258473,0.990068657126475,149.502352938408
241,4.48478991839876,3.21694807043889,4.66209742559573,2.85014717211897,147.318625935027
242,4.39262230432625,0.141314671606601,5.45275893807901,0.576511899673435,148.017944200914
243,2.60189274619716,0.371610207066714,5.74121169520053,3.02907905126924,148.524225321952
244,2.68399852543337,0.514942309679907,6.34206305155446,3.83595824643165,148.020699580954
245,3.1664417455046,0.384787332561666,4.25594478918667,1.49899361589069,150.787020541142
246,2.80531548023115,0.249049671703386,3.83901805490226,2.40772371661168,149.81016568412
247,2.64310073125633,0.161883650143762,3.06656474205477,0.461132607502358,150.804322233668
248,4.3803011347938,2.12493493625166,3.53681985912698,3.21545473370146,147.497899631659
249,4.21249676872374,2.99331839791521,4.72927234830769,3.03308453874339,147.251754026827
250,4.70656265320609,1.9214449109801,4.27113568751679,2.02226376178195,149.115061128409
251,4.15619681666739,2.02462793986261,3.86482714667695,0.117996402898951,149.983198185485
252,4.35044933712282,1.31624403844562,4.02890044923974,0.291800645292207,150.210418683191
253,3.62396444424086,1.89019151908972,2.72895857846118,0.92426282902662,149.232600464636
254,4.22139139537813,0.366993541773006,3.40565208256413,0.391970515599836,150.640218320361
255,2.89819586550768,0.0476092334810988,4.07780493133267,0.73775382570156,151.129430472989
256,2.61096783932608,0.444869320597139,4.9420790040188,1.39070415664567,149.069969907013
257,4.309525829678,0.372875907802136,3.44329820672807,0.149226634127662,150.512128080699
258,3.73788369228382,0.489345293327064,4.81982956632277,1.79329285201614,150.346027552584
259,2.84009306550308,0.769681912456966,5.37743954342687,0.563856238873439,148.30733229814
260,4.6295664607182,1.9118286933615,2.25234405526786,0.987436342227766,148.593846030241
261,3.77357005701852,2.81958316376096,2.2155473101206,1.20666439912258,146.292119593099
262,4.045507138401,1.85884574602468,5.02331594559135,3.18222674055126,148.753148928507
263,4.42841094093744,0.900963540992941,5.18529438069829,5.05869889173588,147.147025853682
264,3.73816264289212,1.08209120591576,6.62505408049101,7.93327264407496,145.128337611129
265,3.61179573576305,1.29054161968009,9.35731400034333,7.56708795969344,146.2678890972
266,3.92328443120019,0.444321601789269,6.75007825815967,7.57588519049264,145.980094456216
267,3.05794700890559,0.180788900505536,7.53679986948046,7.45097335098945,147.133506299613
268,3.3690414973689,0.504735052643161,8.59544150050966,5.18415602123758,147.362078517177
269,5.31542059080768,1.5179635840943,4.22218544284322,2.82385948633234,147.200899573385
270,5.3724195243354,1.67774407978976,4.26243667827111,1.26755164558037,148.042092983411
271,4.28510260189394,1.77473888022789,5.09196025325654,1.9074188084139,149.173506556502
272,4.20471423736586,1.9973455499613,5.84810172142994,3.73362571588142,148.217871462928
273,4.45387864716807,1.40194561507852,3.5922263574261,2.96025862725173,148.255229228134
274,4.18876355336709,0.70051615463216,3.05071939794942,1.4282592767808,149.929758457624
275,3.45663064461758,1.30113595926999,5.5160682139663,3.38100353866923,148.825200297238
276,4.06850097453052,0.555259119283874,5.93515393772989,2.56102206935917,149.032462431388
277,3.04279773134346,0.191712290556333,2.71991720878756,0.182481920455793,151.578675472523
278,3.97644419512255,0.814985771445173,1.88441153750429,0.33560863278268,149.691462533671
279,4.30641125708339,0.486863273383023,2.6093350155051,0.257286083254315,150.415789280807
280,3.24480150207315,1.41601657629262,4.05104807654121,0.587932985164898,149.654048730801
281,2.91427079841705,1.58440285529101,2.39941478338748,0.922821855507904,147.492580375558
282,4.70881576396643,1.63222124273154,3.66955723876415,1.39680787258552,149.508809213386
283,4.72792388160619,2.11563328069141,3.35138562322424,0.00541887070938356,150.057174449825
284,5.13762986645675,1.50132008527263,5.42039660663204,0.413366686615063,147.020523912201
285,4.71900939590741,0.883985401582445,1.720395050553,0.126391487127058,148.256507766385
286,3.07943085757528,0.125118825462882,3.88569045654976,2.18053324738875,150.591030766617
287,3.13843236091646,0.273355310757943,3.07074233974597,1.78690007170554,150.279357529802
288,3.08386796881139,0.91769370216012,5.39323560902361,4.61484922420467,147.961340034935
289,3.69826480580404,0.650772812849298,7.26333704159329,4.14580053058065,148.349947647248
290,5.02612065061105,2.04947800401258,5.41607417116171,1.34051128929653,147.891284787778
291,4.94994704575684,1.85023926898507,3.51610170760474,1.4629691384451,149.046286799003
292,4.76307654545103,0.462352175409451,4.95032096788455,1.57505122497864,148.186090921871
293,4.28720456652473,1.30324641148084,3.0932223010333,1.56226483574551,149.652600395237
294,3.40283336128435,0.224372027357688,3.12985523346688,0.133937194036053,151.809136861419
295,4.06041956749269,0.94225826331284,2.47422229681408,1.55482629122112,149.052311297332
296,2.91488374007066,0.597385451604772,5.92834518416463,4.0643663800959,148.600010431912
297,3.94148686225653,0.688498580956738,5.91347705881325,4.13630652714208,148.935747744954
298,3.61249545667092,1.40140788980327,5.23046005557018,0.209395777637757,148.705042812049
299,4.73476871209523,2.05574722785616,2.89411937049014,0.273765341002277,149.979092246849
300,3.53807571874332,1.15990365071549,5.041775453524,0.592736835573727,149.431718238285
301,3.82801294047502,0.497855479640165,3.24119289506666,0.0137381056337386,151.465628537161
302,2.76767049006585,0.157939945743309,2.90674425203593,0.726889965284878,150.850719671849
303,3.63970041788916,1.51373264599187,3.37985623484009,2.53100526168908,148.658949825874
304,4.18709604471401,0.77187356544384,4.24399215699216,2.03512479012145,149.915889867395
305,3.95471589522549,1.25024351757584,4.36209480481839,0.432411774659458,150.227764958032
306,3.66004468941352,0.657329569219193,3.14109246938342,0.570228855195243,151.260446285841
307,4.4515249463368,2.09800641221319,2.95667798106717,0.452904910094392,150.051917067749
308,4.15102351317873,0.93379343085678,3.65834300743941,2.03014053127718,149.828750636577
309,4.17370142036008,0.742906671159501,4.10928976978481,0.542969071723066,150.415989599294
310,3.51331326530886,0.249844341209959,5.08187337304356,1.41145194101675,150.35113719265
311,4.15694986872406,0.687209290083773,4.54310272629262,0.987604665546759,150.072147971765
312,2.69802255361714,0.636185072541878,2.56008273843897,0.672559922140007,149.520504589566
313,4.6708361107921,1.56367006531252,2.51729533979241,0.930854355175294,149.164582839803
314,3.58005314045392,1.34481265087987,4.48795554788898,1.04073639241525,149.943492909456
315,4.13837804704655,1.41585105764928,3.22409167469112,0.0432368038027364,150.873781369941
316,3.70137747593427,0.282207920143378,3.74979874838438,0.584966256377075,151.268244165475
317,3.74349932655098,0.554165116443525,5.04517012614584,2.35994472352649,150.086983820091
318,3.70560334937319,0.0115983617910919,3.83916523783231,2.73977376739038,149.836337668157
319,4.03767283370955,0.335387229317051,5.25517510100987,2.35265282873008,149.605369439868
320,3.69177728066619,1.90150797034745,6.74731234178609,2.49537375044869,147.034270220256
321,3.40291553337322,1.58998037781276,5.100956198472,2.03627602134781,148.781460304136
322,3.65919199774476,1.26207436579785,3.24773671240261,1.81754283486519,149.722016571827
323,3.46828329788843,1.59485639466228,5.18359381636157,2.45977475129693,148.782778872248
324,4.9547710966381,3.37241366265092,5.23672123221187,0.121423304222849,146.802975210165
325,4.9687687703523,2.03811217655212,1.952123157887,0.555560566487561,148.088654917711
326,3.84043660341831,0.670608704039172,4.89609742546824,0.906982762909928,150.082577771838
327,4.55639916812626,2.33285118887314,4.13546020932223,0.556704599325327,149.454978020694
328,4.88613437753459,2.60674492168248,5.09573314613423,0.831074028830909,148.116847051675
329,4.72440078889082,3.19172127412832,3.45947362609529,0.658281152563658,148.821280770872
330,4.87372537434499,2.03358561064302,3.74120279120754,1.46456153167137,149.207662020165
331,4.42306806243161,2.04712978962565,1.96481672700357,1.42631571819986,147.092115670826
332,4.05463057884729,1.11316091228126,6.37710859651799,3.34029034963916,148.632742085318
333,4.18129507025327,1.35081675105762,5.45249919593835,2.50769833794074,149.172141501693
334,4.57758901533821,2.19936029316334,6.01698011157499,5.00038212038002,147.229810963773
335,4.54495904977768,1.1369851350741,6.25538111461654,3.67005123847378,148.065692523253
336,3.84466134263269,1.52553275662099,4.50281913498901,3.44194920432371,148.712232001026
337,3.95325116847888,0.826083713855091,6.12150328309396,3.14600226320069,149.023484738182
338,3.77090299192662,0.0137089880309627,3.14826907385483,2.89239267539091,148.623689219746
339,3.99193783332801,0.164175155210898,3.8874665822326,4.36906398816835,147.092827939052
340,4.06403944991431,0.257136262796926,3.70564350242332,3.6991643794275,147.813638604174
341,4.44339227851749,0.0607239981200238,4.28690943863477,3.60387401736377,147.606864829886
342,2.76440586717144,0.551366087749588,5.35057930599976,5.05061958346322,147.340360912446
343,2.94718471036507,0.19375352634631,6.19383644821406,5.20578762218152,148.545106983355
344,4.3669937093431,2.59556787100407,7.64799016007411,3.60782448450527,145.972552883863
345,5.12320530468815,2.5890567381432,3.78011250843172,1.2587409232345,148.88690630723
346,4.09605036877005,0.236852889130756,3.22930509871099,1.01386227765324,150.478152260727
347,3.85689908221456,0.895888556977558,3.65461346203975,0.28548473841808,151.058166081121
348,3.57247343436585,0.204435451777975,2.55978457762049,0.287558237748906,151.416912668839
349,2.68914397991676,0.299739474458888,4.05428651110368,0.77460537619625,150.325912239746
350,3.49375660678758,0.727658045263206,4.63253115189411,0.118283872188234,150.232273660743
351,4.16646401587308,0.715217379321479,2.22161373625904,0.163042181617514,150.394176602588
352,3.30659729391923,0.529983034709114,2.90316186415432,0.80046705530069,151.035732766113
353,4.2232728202617,1.76310786681797,4.24600057643867,0.417767952866188,149.89673171984
354,4.71424417294459,0.913420167901326,2.09382342667717,1.22601956031163,147.51804875354
355,3.10972308113163,1.40503357234001,2.6563656066396,0.151703360650378,149.728381115146
356,5.03618025249777,2.67300436833716,5.04240501771189,3.33983600586554,147.704625037159
357,4.53079073332575,3.05901554186036,7.5752150622643,1.85908422752079,144.217975758087
358,5.37644544740069,2.09082162541813,2.98631202125583,1.18379731677269,148.209187905669
359,3.33312633737176,2.43506299394629,3.13912927024734,0.747758634890308,147.661064485277
360,4.88137234368716,2.12289181051791,6.38558686428476,4.22881670032336,147.369359689382
361,3.37079396150047,1.64544397288337,6.16791287893269,2.30839028597233,147.600083396866
362,5.10190125067856,1.86459579345828,4.47880749047642,1.55437302839824,148.594808818007
363,4.36935781742595,2.25409947077177,5.05254616585397,2.61983396004871,148.645039844702
364,5.11801427815973,0.370180666316745,4.2159093173398,0.126365123482154,147.438527079074
365,2.32612013028709,0.0436352583251833,2.2722559754734,0.480690784661457,149.18321113987
366,4.34930578329273,2.0615921135899,4.88996542315029,2.93931222611051,148.72465521573
367,4.22225616009595,1.95227714200983,5.73862486267738,2.84317139998698,148.508878993789
368,3.85699126247143,1.23633950466359,4.82327918021367,1.48583816731462,149.90052297926
369,4.1589120469479,0.949707670803142,5.56597144477858,1.69851896594653,149.118711134928
370,4.45167272006308,1.62495958549603,4.29603939753574,2.07997823665868,149.443525814096
371,3.6992305598797,1.78806512761686,4.3005052967499,2.2611823418613,149.135679511897
372,4.67756607616972,2.9352226172712,4.48979648598487,0.722595790236639,148.519092137916
373,4.67398689012245,1.36388379211965,2.89380996774369,0.974791903573834,149.529612797571
374,3.61539423396193,0.539510720072674,4.47401609544247,0.187312963872111,150.587672614576
375,4.27049883096246,0.740520252023178,4.54695035117194,0.627282908080862,149.848926962061
376,2.89717572623579,0.624631903338642,2.21909801346571,0.0672714535180926,150.342189434303
377,2.87118355072248,0.634484211903628,3.32004915319885,0.808026359842974,150.39443262049
378,4.40873960724747,1.1806526075309,4.77839421851375,0.748627342526988,149.436893251779
379,3.98277473888856,0.0962101532648761,3.54168679777403,1.0014588596995,150.71724127955
380,3.10436294519345,0.979130073286566,2.86300460391631,0.2539303625912,150.571143714087
381,4.87934070134007,0.787450388935558,3.07008468175902,0.025100750022859,149.477281622173
382,4.14756366943713,2.704474777184,3.14061500346366,0.00587423488774642,149.405327800874
383,4.27949699506766,0.84423707989908,3.56237195807596,1.26682983669236,150.210535098511
384,4.06554357686952,1.14461504968826,3.21505357820822,1.23503050963604,150.325043241778
385,3.28393082446476,0.0146782155806193,3.40943933290055,0.664210490260967,151.671043808934
386,3.16593096013764,0.164750465878061,5.05772955626311,3.5977809211884,149.804858144695
387,3.41799007607553,0.420118524699192,6.27105176107207,0.494287539578176,147.95840252681
388,3.5750804339741,0.285915013539685,4.00764942231156,1.58601092030808,150.919910054769
389,3.09829028883169,0.646690837016697,4.15009383010254,1.31399882004329,150.47620465485
390,2.92737040476406,0.18062144958719,5.82481785268382,1.64311144013479,149.342904933466
391,3.91926714362644,2.13115741808699,2.46585871674619,0.35944914681822,149.548211304127
392,5.14868815086623,2.75175383034436,4.47676687658296,2.54414300723623,148.050686706041
393,3.51490561994636,0.51338624143998,4.10260855138878,0.329897928309457,151.055421979132
394,3.36662647793327,0.783879644136541,4.10851023780763,0.431278034258173,150.765123733104
395,3.33792550864417,0.952006075898509,4.02076800540868,1.0235532608638,150.516929717011
396,3.79425142348364,0.0198226509938222,5.17742951017091,4.95349486280885,148.188393571079
397,2.88639652670321,0.359996677308119,7.92840382095334,4.0939446380068,147.351867027806
398,3.08898591070077,0.873224427233534,8.75148253583457,6.9350092097271,146.574220682747
399,3.30782526032815,0.864784255504279,9.44935515435678,8.55024746652029,146.132655135494
400,4.71665515443632,1.72563743687886,10.7233571286227,7.46093919154882,144.439135323515
401,3.4725718778454,1.70592441157326,10.5208685419252,6.90108430316977,144.342271037312
402,4.44256349867622,0.545906268801251,8.66623308073513,6.58074198483689,146.244490381153
403,3.15831907880724,0.130767791852661,7.75364132164527,7.02133023627222,147.700768556198
404,2.77260655894556,0.132600927649623,10.1965456092609,5.43433053364413,145.057787885019
405,3.95296680473971,0.761351837973207,10.4458724848086,6.7480217516042,145.514673633987
406,3.03137100538743,0.0737825552414012,10.0652449341502,6.97220790632219,146.589318499639
407,3.97729778689255,0.121333537082492,6.56694621600907,2.51037696160982,148.356554100155
408,3.85862555339294,1.69850267848199,4.26382335741761,2.37308056166594,149.335891187831
409,4.40347638219036,2.51212792388724,5.34443267969495,1.25541428750999,148.108363405448
410,4.05841059700334,2.20739885170501,1.92673452169321,1.2017990801237,147.145456301709
411,3.95510964321707,0.201740761972409,5.2390309252265,1.0767203768975,149.583793568556
412,2.62047882056609,0.185382266818087,5.07515816432348,1.01410640585617,149.392838991909
413,3.90932777886122,1.20774198534633,4.0981722882094,0.823083956850817,150.496648426686
414,4.05671662690064,0.695348456694318,3.17968278765947,0.908602428338231,150.687566114047
415,3.02683476394708,0.664217828116336,4.53009040776864,1.84683313647897,150.008084898857
416,3.5681741955782,0.76952937608187,5.59114811092338,3.04286972006636,149.579316602242
417,3.39199972010355,1.1522466909577,5.84751339908278,1.16591971879055,148.397153233679
418,2.49520948179565,0.682212604437194,2.41530652324177,0.0657722752372102,149.073753071264
419,2.61618938744245,0.173106977316466,2.41190476662144,0.298961974066208,150.401794709284
420,4.31884398484921,0.539161032564219,3.09131440563132,0.00371634174446013,150.724309767285
421,3.09986586333721,1.8848462095187,2.85827715325206,0.0101660685407746,148.720911349644
422,2.98170143438461,0.00510520713931671,2.66856679277056,0.226639164522695,151.648643468295
423,3.5200168826882,0.824745096296627,2.65584798297285,0.983386222947083,150.417981581909
424,2.85938768650239,0.812830648546828,3.84151577668677,0.206009176389881,150.036150646752
425,3.00654446463797,0.619997171978504,3.69267853794058,0.301211959358766,150.82335520826
426,3.58211554144384,0.949177470182339,4.17841121003132,0.0312940538402436,150.599381893051
427,2.89501487704503,1.28558913021209,2.70131420571378,0.11975297042829,149.369774080335
428,5.17985585617732,2.13039898983907,3.34564077710571,0.00788799753709718,149.428531768961
429,5.56799230693815,4.13003855973943,3.17349948453722,0.344366794659341,147.988898311683
430,5.83425996846076,4.57388217842677,3.71843147851317,2.28951906420143,146.170766010753
431,5.67304136805689,4.31029648213976,3.38634440034542,1.90055763068865,146.644997835055
432,5.44785675495638,2.63252548562946,2.02343564131717,0.765646737071502,147.175859079465
433,4.13951277316965,1.90330637113289,4.74621813620435,3.25795412256717,148.653129176587
434,4.22903784120066,2.69922103382626,6.27694651755238,2.10400851126229,146.832673090203
435,5.3602724271203,1.43231762049189,5.54600076897407,3.57449382604386,146.610260357458
436,3.9954268469341,0.347036178463711,3.46189701466064,0.423274868757589,151.035659815158
437,4.41860652411809,2.41755451754261,3.8949737240904,1.16887783790879,149.385987434483
438,4.15305478576941,2.72840672949813,3.80160400920455,0.507517728377457,148.968125577254
439,5.42152456115777,2.27920684463297,2.07585413477229,0.40319803235829,147.835684542644
440,3.94379946209161,0.519296176627165,2.30739812479896,1.3257174627278,149.245739176181
441,3.12163036045343,0.352590424053992,3.00849461634666,1.29974352342194,150.671488527837
442,3.29542601147527,0.235374984672522,4.9553956884907,4.05395959688932,149.363323891197
443,4.11052109981066,0.653322337493472,4.69244263626454,3.4538887419754,149.076777756432
444,4.04835465249556,0.772285251440169,5.31432343757821,1.57105344809221,149.528290344777
445,3.06571952542396,0.626564928786578,1.77981917633442,0.152548556677357,149.634100151968
446,3.8852481271438,1.70260760451545,3.37112915856489,0.474478167039013,150.420258543087
447,3.8799593651037,0.110852334796058,2.85055544712567,2.15173880740211,149.107846670779
448,3.27954760374865,0.128849739762791,5.80919194035594,3.74638417167241,149.721000650448
449,3.54005291383014,0.185238361156368,5.49608609026961,1.00118090199838,149.715988378222
450,3.53193246062043,0.791822550854513,4.40917716856271,0.823157052451167,150.589052174242
451,3.62832473633678,1.134925667367,2.51789813389157,1.0916393279982,149.81660215761
452,5.00254598560372,2.23289023448475,6.5770141495365,2.34433245365483,146.797294424549
453,3.82734344500558,2.1983975684669,6.71793325782827,7.39254828254283,144.682637643031
454,4.02185899346123,0.999329831340724,7.74556985061272,3.04872239059478,146.888933257565
455,4.00526517038718,0.743170418977158,2.395322863298,0.861997138736043,150.016412633179
456,3.63005340327413,0.0365103956872913,4.77169898278847,2.07867884477933,150.504354934173
457,3.33553561842194,0.165965156382829,3.86630227442865,0.0373542345327665,151.49072448559
458,3.07619780140422,0.128606158782365,4.54881592083491,0.232962682773354,150.720581568265
459,3.62243414907521,0.0169294612382885,3.5004165800001,1.14298703103397,151.180764193509
460,4.17877517287128,0.0406204127151268,2.21526093343264,0.944657442090282,149.045708322854
461,2.65317715889215,0.119390040721752,4.01470249683683,2.57373367055632,149.593072580252
462,4.87196031419896,2.71630655131732,5.49154281691833,2.39181294388614,147.90788494692
463,5.05525597663953,2.01295562634634,2.87822715970716,1.8369840798218,147.901757008512
464,5.04789165946707,1.01746417761748,3.66202616226968,1.77405821451691,148.190827559733
465,5.18043600380759,3.12614213335353,4.21039863724631,1.9272311560742,148.171643504735
466,5.36806195070065,2.26161283405009,4.55279088606862,1.107871112379,148.174463767861
467,3.43799510113537,2.51602590850211,5.16008903289391,1.65951934847245,146.706818478749
468,5.06216006459698,2.31929361530517,4.73386052128864,1.10026736431546,148.52804733194
469,6.07750472090804,4.95469253390024,2.78441171922491,0.860316408117297,146.421769312691
470,5.20423383291027,2.76262742833781,4.31887516904869,2.77116853977662,147.796597916243
471,6.65318929001519,2.47689891957143,4.89730995707078,1.22772470163105,144.414891827442
472,3.60907659052562,0.591316343229928,3.78931261396889,0.165772568283433,151.250995303408
473,3.14603281069873,0.615761670076061,3.79819196082774,3.57126051040492,148.386575254558
474,3.25694906061943,0.0479005823759995,4.52393225547243,2.78750325514032,150.419404058702
475,3.67816494183428,0.167763431016916,5.38830333966264,1.55083776205909,149.936081053277
476,3.79896174082251,0.612575872438259,4.58092371920658,2.44633294613619,150.141492715014
477,3.2628187309418,1.15277965419259,6.01826558962447,0.540627183331942,147.476895367281
478,3.90902459887265,0.472686522893556,1.6051276411415,0.260859000498194,149.055846781958
479,4.86897913059185,2.28254548647692,1.68467367914094,0.0710944006330064,148.175214281234
480,4.2754913343002,2.16147196826357,2.92298115152406,0.317546220936986,150.093004994473
481,4.34867808645773,1.32592097440404,2.50091564455444,0.848088378916875,149.704341905685
482,4.93638967377392,4.29732156480594,3.756635238711,1.45436751286171,146.614861572363
483,5.72795139779789,3.52563462859083,4.02598496008149,0.187468579048537,147.982071277983
484,5.83793422655838,2.94006909908149,5.10075223821008,4.18180135670831,145.864634601362
485,5.84525130762922,3.82477917753587,7.52645311428067,5.29570533857679,144.896604034785
486,5.7089609676032,3.91991619148487,5.71104637303358,1.94383016105426,146.281474043193
487,5.93276898623835,2.43933742152935,7.49644163369985,8.74027471374543,141.60324989521
488,6.0115013309071,2.54276487881096,10.8125420050763,9.06289330047175,142.165314534503
489,4.65837426230055,1.45068059176099,10.4034025065471,6.77502617936213,144.584065845266
490,2.93742271916797,1.39813017584732,8.19063038496112,7.83237324793877,144.636263894575
491,4.73943852861106,3.69348446285121,7.69983966963299,2.30702776052076,143.523392810213
492,5.23448648643401,4.20598090048779,4.11109464312731,2.26520665259268,146.650518707773
493,5.65349887267684,3.26369923684287,4.19240765173722,2.18796721872301,147.516923552106
494,6.2505535243179,3.18767478828811,3.13878306839472,0.578288265427642,147.326794458176
495,5.30956363897849,3.12631497172653,2.54671808299013,0.565390195897412,148.45514236947
496,4.77547929315428,2.18570010691263,2.35455893241524,0.586717049023932,149.095517756119
497,4.94100055472225,1.42432852990261,3.70791487548383,1.22814644759444,149.122034747128
498,3.19482947254109,1.201371633825,4.05907776644664,2.02775118573624,149.422723335892
499,4.31150394199326,2.670654080769,4.33233652378481,0.714767600513925,148.829881473456
500,5.22788982354741,1.95194198630988,4.71872432378487,1.68431351487363,148.199734348153
501,3.56159837875436,1.43163594508125,4.20810304324679,0.807133797126245,150.032181752303
502,3.76303852255101,1.77199522288584,3.94922466368227,0.384304975352284,149.978995888447
503,3.93883078564315,1.12759608503802,2.88807299450386,1.00978395423977,150.384798869344
504,4.56449974728384,1.04930103316152,2.97284806699196,0.89324366426644,149.794608077073
505,2.9551346298544,0.382753135114643,4.48510533642402,0.151927091165932,150.320243506575
506,3.26129845074022,0.112660312537246,3.11966028587882,0.286897070457994,151.81039051956
507,4.015175315926,0.82520503781527,3.4488813358471,1.05776583215702,150.68722967517
508,4.47501991927706,1.08361773446455,3.97569957553763,1.54636291842552,149.760347673855
509,3.44329681115158,0.191029250840739,2.47558131378399,0.398124432739976,151.296971933981
510,3.60947365195242,1.27746268995299,3.34907915117499,0.0602626664480389,150.909529725456
511,2.90109920286077,1.44411781519419,2.52407649907657,0.0113153959094289,148.972104774439
512,4.85077906593298,2.61338193875844,4.10661536265228,1.1846880212883,149.045839667767
513,4.68907753042565,0.671411342219564,2.97816055570955,0.659628283150503,149.497782764433
514,4.02676741873252,0.931775793074818,3.96042376765675,0.187036701671262,150.703188609976
515,3.61056089980129,0.103761264943096,4.05900738058231,0.211270460159787,151.196849408579
516,2.95341448730847,0.0874279333388024,3.21112450595067,0.644646670282121,151.439337240895
517,3.47041078297045,0.382624269223309,3.11007453533056,0.0803209501025513,151.731261563506
518,4.85455514345612,3.42676841460308,3.83145053262596,0.46733216140854,148.469299837503
519,5.59578970517232,1.0512563825827,3.12018276881631,1.83234092205274,145.969826756704
520,3.49223981709111,0.834790990914559,4.51740121372879,1.19804338539138,150.441849707825
521,3.90320342133712,1.94257788309271,4.27637786849091,0.0459824482698156,149.513368828331
522,3.91488684131886,1.94553577004845,3.49381459306684,0.00401345277535917,150.222234883573
523,4.11711412181362,1.4863194375563,3.31864443111596,1.24049866728292,150.157466921342
524,3.88052883366306,0.539196291323792,3.08685323386198,0.15685251437659,151.369099620163
525,3.08445767135905,0.840899591964868,3.50411106136892,0.54834749546649,150.630889056094
526,4.10544093011194,1.13141737055212,1.90499994205906,0.24432738815361,149.67039881133
527,3.8380955588846,1.37069204285593,3.24436924906962,2.06757809045225,149.380826974416
528,3.75199846435861,0.935442643112659,3.80885586589895,0.48868328226956,150.949261557578
529,4.47675745332524,0.494544706319823,2.66841461083444,0.0250915094329841,150.250951583878
530,4.10263671350155,0.851094133439806,2.82104679343134,0.390793541551042,150.853621487247
531,3.66552449570661,0.231949898415474,5.14719784249159,0.778061350178762,149.990208282892
532,3.10557212400749,0.371988352075727,4.30941257148373,3.37534531973575,149.431732148065
533,3.13235421067182,0.450061382177653,6.17220267947918,3.33499428903178,149.234924458128
534,3.0063367038521,0.114475379036176,5.48200158352203,2.82058786444851,149.992970523949
535,3.74202164557847,2.45902723448161,7.12379367665441,2.24693670856687,145.324650374329
536,4.46348622974434,1.8244911624344,6.85018362377203,6.07041079982711,146.85009151512
537,4.5004380816648,0.722060848886692,9.74433624276114,5.24310552222784,144.613708970351
538,4.41305093455746,1.02392880481892,5.08476974156737,4.5860330733405,147.693636110317
539,4.51132657372682,1.04041577193691,6.26301477065685,5.75383249395831,146.959593151244
540,3.32839811786206,0.324179206183208,6.80639689898408,2.82502456685461,148.732604811966
541,4.27283766426253,1.44539437686071,5.56470154346062,1.27713534136493,148.725375828501
542,4.1971857683911,1.86558022520553,3.65012277621641,1.88396604358791,149.45388396589
543,3.90192996192524,2.05850961968843,4.71656247635199,0.500335596929075,148.931453443722
544,4.66136608574154,1.1712996099421,2.10426270062751,0.0994615470157608,149.483517097484
545,4.40341257227126,1.90626859110978,2.17900912917022,0.0869390205515978,149.844352199587
546,3.14498213918047,2.08790929565643,4.23128352800186,0.948866313145213,147.603240528371
547,4.00910318614476,0.994749539807144,3.56922154722695,0.117825054695284,150.990860739457
548,3.16201466349476,0.103446288952914,2.59407842085547,0.0435450234985292,151.784968864574
549,3.33760179637168,0.694948251408685,3.8228858483299,0.122565741487144,151.08117320515
550,3.67884201347527,0.269424562207317,4.88796826116893,0.483467570846814,150.205290973054
551,2.8197980282441,0.435333121522296,3.41516436374799,0.389206997854067,150.818129933021
552,3.75823975821073,0.810009748811544,2.62724263806494,1.49189582073345,149.710365892755
553,3.94205922047766,1.6715997156939,2.9868805039248,0.268481469100563,150.583853339188
554,4.47341344682474,0.734454994207658,6.32676056678472,0.91024981551515,146.948914935716
555,2.65150167785832,0.291231685182675,5.12333833036636,1.788648583322,149.365518537083
556,3.22658473104691,0.246203579760002,3.12261952568592,0.207170439921428,151.740328056556
557,3.72143720822902,0.0722475855478044,3.49779136776959,0.590247655892335,151.344936861615
558,3.14708351273496,0.221333308742033,3.97702133174683,0.839503764914472,151.241447513742
559,3.46955050491352,1.07690131177901,3.04981686357993,1.01267243403464,150.455383670393
560,4.04320253130436,2.43837719308091,3.07840441504081,1.75692782999599,148.310844764899
561,4.99101269532144,1.54543295834665,4.56457446495261,0.206241274710596,148.547558008242
562,4.69457315340165,2.18708783554931,2.41790779183806,0.59827821622408,149.246921452763
563,5.29184078162609,3.26309753100628,2.39590000549136,0.262274813786326,148.526282509116
564,5.04211268181653,3.13917072002543,3.03859959783572,0.860063233690786,148.714656553455
565,3.6357518305054,1.52606277982383,3.67283824463147,0.167969701820557,150.414451923853
566,4.15361642112091,1.59160709196033,3.65698263784769,0.354409580094481,150.495190749202
567,4.69380678320889,0.937121236836209,3.96570101924839,0.427488383065352,149.571633162484
568,4.42497987432651,1.52601952084438,3.08589625177961,2.28562495741039,148.513583088146
569,4.49594243165108,0.242613162224952,3.75457966646912,2.39830618781394,148.551159722921
570,3.91326639723658,0.374380453986702,4.02713341587725,2.50207064613905,149.92125857678
571,3.68101282663165,0.471245874851195,5.07687174024018,2.84364533356156,149.993136122961
572,3.50902856643389,0.815012187673853,4.62425466299273,0.903920795072236,150.365740170939
573,2.83269207519415,0.410527193538773,4.01072374675712,1.49226668319947,150.301553058522
574,4.11845064997635,0.46772479012726,6.62325308222616,6.26893284340436,147.195542868051
575,3.04112013876649,0.146585871045738,6.52593887954643,3.52668257597038,149.201036184144
576,3.36766543156355,0.0228902487659733,5.95452102547008,4.62849585069904,149.279080354318
577,2.8764288398311,0.0323482008312775,6.82940907680198,4.36072199282181,148.882567334424
578,3.23337140126009,1.38978866224222,7.97371588367098,4.59488330034883,146.447209079248
579,4.68436901796309,0.979708990285605,6.31016636935047,3.31086844399603,147.696168277044
580,2.8736715401281,1.49493278582428,4.57657372405373,3.16216970921591,147.050501268347
581,3.15356797591108,1.29231673051992,4.15749333749709,0.0774282265204787,149.558216658017
582,4.35597094904266,1.34072089533697,1.9774370692536,0.0690560759056273,149.776218926244
583,3.79165836804516,1.17779838768139,3.99566495901447,0.377299832485601,150.641534411044
584,3.49616447307588,0.747444895595043,3.50988982723662,0.556586030927178,151.192982220016
585,3.84460711868635,0.867114610832121,1.07675995787793,0.34761278842479,145.967510855073
586,3.64073095241532,0.84609945157477,4.89695365362006,0.38224452517083,149.895851659824
587,4.50697132448401,0.955766885974062,2.12082225020393,0.364091770340066,149.408912246681
588,4.20721143801623,1.10375465441917,2.83834601381927,0.2458618488161,150.807317082859
589,3.36362841941254,0.145837859772473,2.87018476599568,0.0946215392537804,151.863190089869
590,3.72268567997874,0.0326533550406328,3.14084582038994,0.593552056191249,151.342590831018
591,3.23281653581551,1.47064223409558,3.15750248624922,0.475759144412013,149.863467908837
592,3.22884647319437,0.56985003005685,3.21829501899872,0.434218858824227,151.303408080961
593,3.87591000618702,0.316858059212998,3.03386029554269,1.32534582814454,150.466606014787
594,5.01559594118848,3.12438448510636,4.95631885824265,0.891562935027596,147.843480945954
595,5.12938784316625,3.1310476582759,6.04600245557269,2.67878976218559,146.992337408527
596,4.78676851666485,0.28232833568131,3.26041261080906,1.56367692469864,148.193463819143
597,4.65243665035934,2.8390947422028,4.10623821056524,2.56664141200732,148.081808645994
598,4.48335669723912,2.67713448417898,2.97923341467608,1.59325582758225,148.388443012624
599,4.00703463859343,0.773001433357932,2.89291791601564,1.23043388357667,150.237122311564
600,4.51984349382909,1.57559855302584,3.95323028764026,0.107945014606954,150.018505151974
601,3.16916216786699,0.529163987022611,3.5240712813531,0.0960324338967494,151.323273559679
602,3.93896641419671,0.195797504469717,3.57260574267243,0.303748077851772,151.094229398453
603,3.87599140346373,0.45208248270332,3.30877365072663,0.571351666501505,151.170459843647
604,3.35527131696543,0.594744993955628,3.24601637466987,0.806997911181238,151.151432000219
605,3.78941163956814,0.0479329636911101,3.77383071271193,2.12798301320047,150.289144970685
606,3.75852262291442,1.81179386236014,4.56721910868006,1.5609900058819,149.363076543439
607,4.42552631811159,0.671403022313454,4.65664908601461,2.8761960111114,148.939447466812
608,3.5054357749303,0.433652164193579,4.83773158178708,0.393456719035713,150.275610362796
609,2.79008391302142,0.305556826539746,4.82266145626995,2.02528439675845,149.899220598655
610,3.38165744853113,0.7229820281526,4.71148524979975,4.98913996007938,147.562430055544
611,4.15594300359736,1.04877122175541,7.60396156194828,2.92381161405152,146.881729556787
612,4.15509073041975,0.645390260108149,2.79416792246153,0.0758596077736807,150.993541416059
613,4.14390786410194,1.68231665740719,4.55793338181724,1.13780845995601,149.728546816406
614,3.90671995284008,1.20486232331422,2.67613809310002,0.88327895162034,150.264158064615
615,3.52058053936396,1.12074126845657,4.02434159246398,2.63405635178137,149.51094584406
616,4.21586210986753,0.461757623909664,3.2376130210043,2.78743509204533,148.272224282759
617,2.70809945950487,0.296728994875275,4.6708773249444,3.49693559638452,148.8862386095
618,4.13388717462223,0.0223232789984613,5.21028462047507,3.00552419808808,149.124161171488
619,2.42388322662219,6.38245083463374e-05,3.21560528235579,0.692618616237566,150.277408306881
620,3.96106876808503,2.11595244897573,3.17630412674863,1.23400690558438,149.370682256778
621,3.95256153027653,1.23465583469893,3.19912473614894,0.686308728639669,150.746533653956
622,4.04759116142096,1.60766729575177,3.44581593333385,0.428800206554792,150.563973355687
623,4.52509555444679,1.9479553791873,1.98483598299463,1.24434986588875,147.516958601554
624,4.46499062335392,2.38055906490668,2.35300985709707,0.762452573118291,148.878718407119
625,3.62626891591714,2.17581948987102,5.49397551677314,2.68996963101626,147.752217842353
626,4.37947919017152,1.21365812173138,5.12908489218905,1.09437005450838,149.154493479844
627,3.89208978789305,1.78900095054973,4.63634946915474,2.10355469683185,149.338973489526
628,4.40067863509929,1.32046419862688,3.27565405843556,1.98859467369237,149.211998144745
629,3.42717208474571,0.224367582301328,3.11297083836687,0.640734198629202,151.513695096582
630,3.32555119009328,0.131938495623887,2.9058637540579,0.0289369426035112,151.921869391313
631,3.77101187728899,2.19378026266781,2.70362706189932,2.04226721225217,147.360645241014
632,5.14491512590848,2.05694846402977,5.72223328638312,0.887834208853977,147.037713526433
633,4.13302355633152,1.96096952071895,3.74894277746197,0.359278648287684,150.112606468913
634,4.34570512173336,1.1706384776308,3.00320539023094,0.113130919293699,150.744590378606
635,4.21415538927121,0.356255754930755,3.31960321577533,1.50956977593216,149.909511435398
636,3.09752518825409,1.29938749087184,5.01225104746358,0.245619829845912,148.335624152416
637,3.16112498449634,1.20073005295722,2.11835450958957,0.15424754644211,149.641178141117
638,4.30173064267421,0.87840492010176,4.19522939688991,1.30552500457392,150.057626765422
639,4.62847613540786,0.782749436473194,4.25857469910241,0.0427261558720508,149.317949036442
640,4.98285396030822,1.95822899608244,2.33971487419383,0.352083104438605,149.121371135759
641,4.51334036382548,0.255361207552949,2.36640330516721,0.836897354466645,148.783939193102
642,2.71915139329684,0.358148251614805,3.64563847918481,0.749343996857828,150.49749660488
643,3.65966134133663,1.14373387657947,3.55349010949518,1.239782106526,150.518285101439
644,3.57582759173221,0.981743671068019,4.43867030709779,1.78944781650449,150.262984189372
645,4.69263187097041,2.23030865709124,4.84004017063755,1.77970335601444,148.853515076047
646,3.84895213414188,1.47731213488566,3.94218793341328,1.96758085877227,149.814806307044
647,4.19840042118737,0.1069669902852,3.38607551209133,1.04834730632602,150.206914659854
648,3.22332589842775,0.175209336681351,4.21556327962148,1.5325249466373,151.018921619258
649,3.62807012544611,0.861092803645868,4.07040707258292,2.55566578638876,149.910644485636
650,3.4689146753745,0.699751423487262,3.84437878203109,4.68172501002036,146.723071360412
651,2.62709941741465,0.792939939523978,8.3888104450594,7.18586100135528,145.380998387399
652,2.76519862998519,0.470129063629518,7.97514531203418,6.61607169566858,146.870958748152
653,3.48096262132655,0.376815705493832,8.6604359758284,4.95816190234692,147.294292427891
654,4.8633722983568,2.99345404640075,6.82904698679571,3.26233052226285,146.489323032007
655,4.70480826191471,2.88676443085072,3.48046677782183,1.98760047279377,148.230036100203
656,4.08702129355164,1.84852143821149,3.56266509154502,0.88105929590837,150.121875613897
657,4.29332806845088,0.741418374245949,4.67988225721453,4.00348146593975,148.221612985791
658,5.11740794398854,3.29866369492907,4.72700208215865,2.81525058771189,147.519777466932
659,4.76706838888717,0.866914605625969,3.81677803460099,0.518386872681208,149.433701378702
660,4.76038598200914,2.4967788507141,3.64254623720408,0.535560739821706,149.55624232359
661,3.46849133527561,0.958448490141648,4.20505068197849,3.1108905291704,149.293550746917
662,3.41260218097185,1.50379468091133,3.92215157513543,1.08214603112569,149.797611965367
663,4.01958173376884,1.80896345157526,3.65352906645824,0.288017145286781,150.313398025017
664,4.23895682677556,0.840785062811248,2.57225649757721,1.85628533355772,148.553194085506
665,4.10270676889079,0.626026982852157,4.66675779661309,1.23689142285264,150.049454257523
666,2.57251745244971,0.67013296138026,5.06454171255185,2.34075737484275,148.270420047302
667,4.75461393450088,2.10715310506536,4.51040219759215,3.14710596729705,148.253522376057
668,4.76252236646217,1.83144838422142,5.51049729542096,3.01679583679589,148.296759709804
669,5.29936544293605,2.68375317539478,6.04816846120212,1.47531398287316,146.630287097359
670,4.4990305946779,0.350248053229435,4.96290080083866,1.79977182736689,148.82999193425
671,4.58909484369337,1.81843087098325,3.33736835761801,2.62931947043504,148.128801695638
672,3.74668065355352,0.416469173148521,6.64565150530585,3.41480280745122,148.877240262232
673,3.66105606930007,0.526694758593491,6.19090207746497,2.73950884584905,149.240653085537
674,3.24832102694065,0.289560598073328,5.33288706234033,4.07896152124509,149.422019284739
675,3.19389069074135,0.560682379644785,5.48739103838959,4.9411494808482,148.368934666924
676,3.66437449960191,0.68097411001782,6.68309074454697,0.0429977360270677,146.431789175111
677,3.48657338714823,0.876269969123048,2.97645932498358,0.148205527883019,151.298266365483
678,4.01364441827066,0.840524886254023,2.09262631902639,0.55208950833198,149.829763702082
679,3.61333637583987,0.0968174360964409,3.23152633044528,0.695492458376109,151.424899877499
680,3.84987385579556,1.3856191081341,3.71089493737284,0.178686565313144,150.685588654661
681,4.06856133534145,0.682151420658945,2.98622158354409,1.21935594171505,150.271612139207
682,3.52116260615601,0.22745575726709,3.73193491967387,1.59505071389821,150.95975575598
683,3.52918249618158,0.125102670301193,3.66139116602057,0.381526918045876,151.543477206296
684,2.88017153329631,0.314377074107683,5.79647658808499,0.563117129376227,148.503157335578
685,4.04951043841744,2.03435675517442,6.03955919527047,1.49595296876953,147.692854671888
686,4.05533623349106,0.460689189299762,6.67961665548724,0.696220182036662,146.79712031013
687,3.83300506225442,0.981781608894247,1.25095683146854,0.822685997545314,145.971357754863
688,3.55740351497291,1.41242831480956,3.91837721974279,0.150559668213512,150.304542673255
689,4.40379265481121,1.42392763849698,3.96951646646853,0.741927606719943,150.135785314603
690,3.48681213756341,0.038920153407644,2.97152377081301,0.587589834677431,151.543562089458
691,3.74196121525033,1.41894413421607,3.15091921293913,1.24989720425467,150.092264314185
692,3.97536335060164,1.05807473193743,3.39906319247934,0.0916816593076963,151.079853577865
693,3.13930398132836,0.103984415591341,3.30307412884894,0.17404362251527,151.806641965053
694,3.67409230401829,1.09571537653038,3.82433051685295,0.238809185631499,150.835419263358
695,3.48073006608428,0.22545396766173,3.39969447449372,0.173141121916514,151.705332891799
696,3.44984099570949,1.85518536133379,4.59443664637539,2.96089211508849,148.14185057616
697,3.38802110818024,1.9251789603048,4.25976755338213,2.8335699801175,147.848911973246
698,5.43989681341776,1.80482104045361,4.28785267057809,0.621728614224127,147.997480761431
699,3.50123942110125,1.77267244223581,4.02277326917639,2.8071722791585,148.311235395601
700,4.55156836202343,0.884483731453513,5.12638289723855,0.234721018493117,148.421551517905
701,3.61418513894073,0.867074958099053,2.16756431874096,0.743910298042909,149.889244521295
702,3.13463730250626,0.429418769457015,3.27490630633705,0.666123111467462,151.246134934367
703,3.28858800231591,0.255450760501012,4.12324855057659,0.415433741729744,151.21035334822
704,2.8425765786283,0.496974688804067,3.44603648062446,0.731072277058246,150.613609033275
705,3.64891723599388,0.606531038901558,4.09228497791911,2.56166629743216,150.080814020963
706,4.14894325012808,0.836707791600449,7.04214928371927,2.67136610132891,147.608048268959
707,3.41212257407749,0.873789603655314,6.16652822789473,2.64835953337671,148.947677524449
708,2.91998327530503,0.206792359803408,5.12325905249365,3.06964312136743,149.826051851388
709,3.40984550548783,0.203899359610887,5.29689980237979,3.3696951589821,149.950664367117
710,2.43239934067731,0.0500235205553726,6.2072563990652,3.10301853961922,148.217125264905
711,4.37853571172361,0.976606991313425,5.47012330642689,1.96653705386461,148.956189391619
712,4.36550525771212,0.577808317159109,4.23743062074077,1.3711025409438,149.810720480528
713,3.82291781187007,0.294720158854615,3.41032358646894,0.879660064418272,151.076957084809
714,4.28396701570625,1.70483060480008,4.20997014855966,1.22946142382454,149.885528222551
715,3.30957305453581,0.31468480200066,3.71997009078893,1.05738946162272,151.250826004403
716,3.69052311309437,1.15765780001958,2.72443761380223,0.335228157712351,150.875592563652
717,3.47754969491731,0.179737232613562,2.13987298350437,0.154429432305527,151.0860462232
718,3.44774504942859,0.919923789587048,1.79063251863896,1.49232418089691,147.223722993158
719,3.61138444797953,1.50853252566391,5.151796479492,1.70832656513039,149.190041180892
720,3.64513300108795,1.65278755721879,2.87018493750927,1.00385317822264,149.713724377071
721,3.2105886758693,0.33747856307749,4.31141733577248,3.06213456439798,149.879766648676
722,3.58803525957471,0.261481889407592,4.64140487850059,0.991024970560756,150.688260863459
723,3.01815253041878,0.256217690201641,2.8616540184505,0.15265030122413,151.556515689388
724,3.39093111187894,0.105864327687457,4.20085203630313,1.7001146873981,150.998232878607
725,3.12316272930374,0.0553282653580771,4.51913797105142,2.10387376343372,150.763497194402
726,3.49208378814465,0.700032548547965,4.80921632151744,3.81598850369086,149.195519835542
727,3.44674510974706,1.55590437880362,5.05135421924273,1.7412690200081,148.97146223471
728,4.42207665463388,0.958329640053943,2.77547801403513,1.69618823028307,148.888677117823
729,3.56728264534455,0.511364779992865,3.60922801667761,2.22256293157553,150.208411068836
730,4.21899554143648,0.533299948462776,3.44803698406091,1.80108378393981,149.773025329354
731,3.09542937689222,1.07037624869794,3.83422768119965,0.596095349717974,150.106744212206
732,4.41053020410463,0.910177311008403,4.27120986648547,0.567222843356017,149.902158811715
733,3.8172963988552,0.519238941179129,2.70154105563034,0.383647389715188,151.15471825747
734,3.23353602656049,0.78964682076469,4.57493149756084,1.35056629703719,150.221293927425
735,3.72519648321388,0.461105630365423,3.01682101151258,0.877268130345733,151.029742535766
736,3.30293273422952,0.0486848024080137,3.32621558408335,1.43453003815925,151.099812185908
737,2.53373164505838,0.0260620182992667,3.49483024204391,1.3099191265511,150.25006838019
738,3.8122643867332,1.01460609008701,3.97938364500703,0.492304470468589,150.769770156891
739,3.14711525909285,1.44243329443206,3.38470100257701,1.48986564471569,149.038687535205
740,4.81158933165531,3.45142527092545,4.26309874229145,1.30092237852227,148.001548391529
741,5.69945810524826,3.9321087650248,2.94354676301835,1.23130032163675,147.343227872446
742,5.25403257584972,3.79843868822941,4.13596874430003,3.73482232867637,145.744325544453
743,5.92717439368087,3.31311073705009,6.88056597010443,4.74738217506441,145.359752231274
744,5.52765427617802,2.0557277994372,5.33906320495363,2.88200264884496,146.971759467113
745,3.75651324650087,0.636599278248478,5.36083225470048,2.96579735475555,149.737129116778
746,3.68223373024053,0.269541024234317,3.92372977686755,2.13252359561593,150.475728438965
747,3.7542414897787,0.242652260152999,3.35399471771988,1.49403852351812,150.693051045099
748,3.77965907922832,1.46810281656315,3.87046945437843,1.04358738061073,150.293770813342
749,2.89097636849359,1.58298351957048,4.16004649938848,1.44017770722677,147.906560349761
750,3.56178482582683,1.10935599888856,3.147590187468,0.554531488275747,150.874877937322
751,5.21354511949615,1.23288128414361,4.46687221255761,0.569867623333326,147.968729228665
752,5.12407682601124,1.66777446021797,4.18646078478709,1.81859119493003,148.477766896688
753,2.92932093009568,2.27115550063287,4.24379962651246,2.66012416575444,145.283006682258
754,6.68291479939248,3.51485801853316,4.89637931648348,3.39049315607486,144.828538788988
755,5.8827637576533,3.14241329095097,5.97067032711479,3.77239047979592,146.090751286439
756,4.49166924584947,2.60276131770306,4.77079694072128,1.31952698681944,148.650740468721
757,5.42595794807471,1.97487050636676,2.38140624684451,1.14960298027196,147.237363555341
758,3.40078885421007,1.70356694875239,4.93221913779087,3.12549271080036,148.256448986
759,4.39454804879702,0.369857649904763,4.11773837956189,1.37952883547185,149.671023431349
760,3.43832775728731,0.113834164167655,3.57026684143566,0.378793003879685,151.645536535941
761,2.94582057361225,0.251470868912034,3.4740736477588,1.0576166974481,151.007694835894
762,3.81865560553769,0.753078275812529,4.32761848170911,0.104142053615378,150.537672905612
763,3.43881326692861,0.102710144883908,2.39391599674978,1.23480717726353,150.128719729336
764,3.27059251264575,0.644603223331949,5.0288475236216,4.40496347982666,148.641484495061
765,3.38682312393637,0.00424576715209236,5.26817325673132,5.69127954501022,147.699938903448
766,3.64849908248622,0.387333651414519,5.14573169548378,2.07660203241568,150.190703063667
767,3.25425087085708,1.45093893682691,6.07357439942069,2.66393296199295,147.913573268983
768,4.05558145203381,1.45198725296032,4.79663410669629,1.67504936272905,149.714270957483
769,5.1397396731433,3.18389180507009,3.35384440181519,2.45273195101688,147.207432647147
770,5.37900913947992,1.72497593908121,4.28463736900025,1.53060103036069,147.978654136656
771,4.69805148293447,1.98456585714936,3.83386606046268,1.67604019089494,149.305707527174
772,3.67355914357586,1.95428051955883,3.3305890891893,1.66592171232245,148.962483334629
773,5.52022603787768,3.34168125014395,3.55616206198843,2.28963589058574,147.258070010263
774,4.22836569244283,2.17968076848922,3.47046700056912,2.68594116626425,148.098256097765
775,3.84427664045931,2.37986551735461,5.64986080000747,1.44485289890221,147.428540979049
776,5.34878302215347,1.84198668949159,5.78879225409111,2.79400802369601,147.017189193097
777,5.58213165005845,4.2010368098667,4.2489874384456,0.161529103722171,147.277126873434
778,5.52746019569951,2.70093035910059,3.49937846591128,2.70685576871356,146.810817316164
779,5.1052422075407,1.89191974084056,3.66848853110969,3.95602167611314,145.776002603706
780,3.38269332550136,0.194556345448458,8.48277712610464,0.706907470848434,143.457602068579
781,3.78760280943589,0.849215439347111,5.15471559025238,3.09042530877177,149.634437118757
782,4.07521452101746,0.838022777197729,4.0393755474149,2.69194438663389,149.518285266575
783,3.84813438615455,0.289326247162287,5.82354790727163,2.18560445735126,149.385876171185
784,4.17862764342745,1.53826293949472,3.40388223621548,1.79916266700268,149.643360824464
785,3.95301557078314,0.0125355357638802,5.0770995406247,1.76080484153165,149.825588129831
786,2.59034614540008,0.574904280789244,3.06375777861746,1.63811635611272,148.736417184503
787,2.68220820145264,0.814303770017805,3.51726867644174,0.893329048139874,149.387911970842
788,3.1604291562837,0.132395131723966,4.16624650304186,0.627687754866188,151.227950633079
789,3.0413918794734,1.26457660509573,2.92246673075492,0.429180880716865,149.759293568099
790,3.33798720384114,0.820337310969076,3.36314605859425,0.774435848674983,150.929749314966
791,3.11720533693737,1.61476812161253,3.29872587611776,1.72123062179811,148.287811651933
792,4.8390739194645,1.98066234839454,3.85810694080093,1.10984987965684,149.431583058204
793,3.7901997938483,1.2451782617472,2.82492438523773,0.0853351560007592,151.048234824537
794,4.02441346567996,0.786930077491036,3.81659100217002,1.73459977483418,150.294637161845
795,3.20694825726148,0.802537001413118,4.13674519882439,0.480755642827426,150.544345887807
796,3.98395320455355,0.881421127733917,3.65847434991258,0.327722223970182,150.961940963743
797,3.42888881265249,0.424536041497083,2.58004841588791,0.497283634427211,151.174995100623
798,3.83024026084028,0.524196028014297,4.03572053955668,1.55278360996403,150.656692875078
799,3.24095657369587,0.369913818750764,6.31712371762068,3.18700403618151,149.289337074178
800,2.61293603249,0.124926079183043,3.92522841573167,3.05274599520805,148.898401392085
801,4.53424477082736,0.625433975837388,5.28300456191877,1.32792006158449,148.570152929642
802,3.95228533219021,1.25980127477707,3.36263870965331,1.25974314104629,150.368458824688
803,3.96588642228518,1.15958472557861,4.13468170912941,2.63889867345189,149.589227141435
804,4.3642530478315,0.86981557853489,3.41791235652594,1.92192120626377,149.449095465478
805,3.40907567676313,0.748029675082785,4.48499860339502,4.12736236365239,148.517983112306
806,3.52061129818987,0.494148390209751,6.00228058188377,2.79794312171225,149.497036614748
807,3.55163141159142,0.757000596303382,3.81071555118621,1.05935955111795,150.924545125922
808,3.81989958578917,1.61227566959782,2.45970833155607,2.38553677407412,147.103044533513
809,5.13880043161652,1.41324119718096,5.66122185660007,0.82690576487666,146.824930965951
810,3.17812210130282,1.3253837003968,3.24346005283824,0.994008228860707,149.696819005694
811,5.27139508334407,0.6821966076988,3.48557047250476,2.11375170578979,146.64883746273
812,2.80916734759997,0.169882308210609,3.85108278076923,1.90876901780572,150.370121977548
813,2.73728440627511,1.08382676815191,2.70437308611147,1.6917760655765,147.526608306288
814,2.603378000459,0.869623345292106,4.13213529829876,1.44709723379561,148.574122182605
815,4.90512432822885,2.23834657573886,3.8259401101173,1.1848579330522,149.270349530159
816,4.53912385078754,2.36039898573965,3.96554568821402,2.27360850825104,148.769179812685
817,4.0587685953911,1.77945514001541,4.64212442944502,0.578930764918193,149.492220125674
818,4.41662208221589,2.59026574575985,3.11392737370185,0.659003977108361,149.457432974672
819,4.46613792060683,3.16174187130903,2.55217344361827,0.964383968790195,147.85716442554
820,5.19582903632623,2.15093108057199,3.36989034665369,0.90687563211111,149.003734034362
821,4.29315153831006,1.53715264864863,2.46434153057389,1.24628790444386,149.086842373871
822,3.47125323946092,1.75425978301579,2.49516954168714,0.752567804604711,149.111559575616
823,4.58423832512465,0.685243007817835,3.99203896355413,1.66312998493278,149.303901130445
824,3.69953979968989,0.496743068602258,5.15622280477682,2.46121881293598,150.057115102332
825,3.95175560558941,1.20207956378072,4.11825011065246,0.502070998223914,150.495689149249
826,4.00550923550425,0.363699712460298,4.6309600494029,0.572813386976128,150.125866639212
827,3.6228415345134,1.30353675765768,2.46217990587035,1.78807217255207,148.447630390689
828,3.69753334224126,0.288183410591275,4.83422991674582,2.235897765973,150.329923373325
829,3.09508729619368,1.30753094479309,3.77863429711678,0.489958428166003,149.690313555173
830,4.37617620403248,0.262542308272309,2.90275942485022,0.104020461488913,150.372918421059
831,3.45094474977601,1.17789039215004,3.68235052042652,0.637117291576963,150.592547381181
832,2.77310038345503,1.59452823976489,2.86348108519348,1.59056402210474,146.679856803573
833,3.76661862739858,1.14901492634617,2.66602599551926,0.701698237000939,150.504855002213
834,3.59300047689006,0.878568251633617,3.2952002274921,1.62324913123904,150.323066416266
835,4.26192317709473,0.532399569050495,6.83202146307932,5.95589058221977,147.288140710005
836,2.05768492495064,0.194092770105932,7.74250002684835,4.04151893379736,144.51626199567
837,4.00489970231751,0.319199459263197,6.54224619151179,2.56933757086776,148.417174306465
838,3.74672286847976,0.256236064761327,4.51180171885162,2.10721139545853,150.438586861837
839,3.65667782491735,0.365985663690799,3.70484575681312,2.10861582057664,150.399656549796
840,2.80008156601853,0.534116271078729,3.29408201580782,0.0474358914070123,150.745461741952
841,3.32025206039,0.164020536627252,5.52491524102327,4.79577601189694,148.961974709282
842,3.76238806913617,0.214450520952841,5.62355740743957,5.31551670217774,148.157381626879
843,3.31393440661891,0.0410827458783059,6.46074261450637,6.37714304788827,147.884453854382
844,3.06766966062779,0.0231398445425064,7.49377323365285,2.41929063912794,147.584281597773
845,4.00793299882492,1.31494654842984,7.49602663467147,3.89702786336664,147.530893079211
846,3.39199978372153,0.493572930574346,6.36611303537443,3.88310196695425,149.181094466682
847,3.82822823721245,1.22683695784275,5.94255753756687,2.34269745902036,148.929365119787
848,4.41221611445414,1.41549552899936,5.44366757546334,0.0654953252608658,148.077295716646
849,3.87761688196905,1.68290993611007,5.31834831379172,1.46614344735829,148.968466902748
850,4.02967934491485,2.23057599677141,2.06417657678722,0.227781126075018,149.042023147069
851,3.65880529768976,1.74907228035351,2.23424649012576,0.641874508069895,149.140001746807
852,4.62615062586046,2.13471950672077,2.32834510209891,0.627867993922076,149.14869966203
853,4.28932185245866,0.785980989920163,3.37002812062566,0.574128025063121,150.570011612061
854,3.69492032391705,0.441358035771612,4.0286946480407,3.46303098264849,149.0938121882
855,2.6672510293772,0.452312504126541,3.14431554276323,0.802370282712632,150.120087832542
856,4.33650394018683,0.299847185357355,3.85375389019953,2.22266050591695,149.23897838152
857,2.50007751575608,0.264450066406954,4.854683811265,1.58493914430098,149.129423795846
858,3.97366038499748,0.440714542108988,3.04754414034839,1.88173952573661,149.697114042169
859,3.79539751035112,1.71328557902017,3.01303810851085,0.993189082408672,149.905493973595
860,3.6518762687063,0.355673705844926,1.68429823617667,0.958428971815645,148.303997452731
861,3.30035413838338,0.329904616835715,5.06618232883405,2.07419593525213,150.354673019054
862,3.2799080445151,0.186916574851042,6.11368823326274,3.55735527307352,149.593515450819
863,4.14945488339517,1.45975328150309,5.03176747127354,3.72769411172269,148.705922594014
864,4.40728624340877,3.23127091744366,5.95514678016619,3.944306116178,146.45332110397
865,4.16078908999882,2.43649110077053,5.00712904443639,2.58690461053181,148.346232278641
866,4.29710290986559,0.915622495093357,3.61346058548382,1.19224922995513,150.240936784819
867,3.79500830485188,0.800929840187695,3.97783841247556,0.0109931271835536,150.895101475865
868,3.41672303701379,2.61313270008966,4.85284402411094,2.47935583532488,146.447003189989
869,4.78031746258674,0.254461217705098,5.02741160461511,2.88399276707536,147.583798591738
870,4.61051924678629,3.13495605603044,3.60201351683923,0.0267534940258926,148.953970809604
871,5.45683794980001,0.990164607043836,2.78915967490506,0.69454143305098,147.289412141656
872,2.75578438491835,0.563378228972244,3.9174065783458,0.30428336862469,150.163238363048
873,2.62929324889462,0.300654404377813,4.56276990789101,2.55068011983832,149.338187656524
874,4.51775083874401,1.04967666316125,3.99250524092355,1.0579908145497,149.866450514794
875,3.3487989521498,1.06319972288965,4.00796664108574,1.08818291521858,150.36437102809
876,3.36835457864891,0.23066050343876,2.91660054279823,0.494496817611472,151.55370888075
877,4.00996163546,0.805145676512854,3.81921409419027,0.214220289706388,150.865971088249
878,3.38956531563764,0.139689930398889,2.62492558442101,0.498806150592749,151.393672653282
879,2.52824307499651,0.0880963757660738,4.87532187993517,1.11872841705882,149.533893925301
880,2.47259453197538,0.238933152395485,2.07060394823967,1.44095538331584,147.366344394497
881,3.9790012661767,1.05774520727731,2.07201205191296,0.180993744636863,150.256119316161
882,4.05169582807982,1.91327421284415,2.98208605345958,0.169694305189116,150.411207327562
883,3.71488408539858,1.34890168678354,3.13697523970218,0.165358519476238,150.904981675727
884,4.38430202088325,0.331825449275875,2.9375523104954,0.655213935020747,150.023493190906
885,2.40361611277112,0.374261427620274,3.89169067147009,0.0469880000734175,149.281093183718
886,4.39814702234818,0.0819325148083297,2.61226691151173,0.50965702347959,149.676853674145
887,3.58599069116807,0.131412318451619,2.65719273483447,0.169945237489527,151.601776023631
888,3.05119112463199,0.888485155071601,3.86738188459245,1.3237254434796,150.077123711339
889,3.54779173162265,0.406552122859144,4.1017843821145,1.29686418175409,150.979329466333
890,3.2450087797644,0.304378772619649,3.23098104624086,0.0117523353133983,151.761363396965
891,4.30644396091605,1.57803195842009,3.3353862147865,0.261027436908008,150.574629749717
892,3.86075362850485,0.639356559434082,3.76096574850775,0.804330680871305,150.970874586954
893,3.94163124640726,1.71564115475239,4.15126956431111,2.70397034597073,149.064793613492
894,4.18299360742244,0.325267162895818,3.87748228161403,2.46727545074187,149.388325432759
895,2.80002700130281,0.245598804780752,5.4936931855374,0.670056954377077,149.015805110422
896,3.49079104366225,0.173412791050509,5.48974713506785,1.45374799138536,149.940843988249
897,3.5909274016301,0.0506161477208975,3.03085619279191,1.30400569021209,150.843801129214
898,2.94420132784295,0.0907634500502374,3.24870340597527,1.95134155868836,150.277677141324
899,4.15217337146466,0.942637931432257,3.73464645771102,0.0145201598065733,150.754651875974
900,4.3659782564028,1.34185311932445,2.88381182789906,0.300119049349244,150.556451899208
901,4.58264894640726,1.07774017611771,3.3460489551207,0.8127389883784,149.967883937182
902,3.28151192018352,0.901979933823188,2.46542929992601,0.962524193216924,149.886510360308
903,3.47770044759506,1.76518016847095,2.99327704535491,0.771476023007393,149.56003611591
904,4.26272346337235,0.824068144405467,2.92517044132823,0.015033619340387,150.905988404384
905,3.53645242918116,1.03054994956945,3.5501743345634,0.239325887702312,151.011467870387
906,3.90687821519945,0.373002139720164,3.61101332882133,1.07815205588945,150.857386823862
907,2.85643274252815,0.262698974912497,3.86738060358563,2.73153123685632,149.579161087965
908,2.48146620140734,0.9796760446625,3.02492382473505,1.82933166881834,146.919458179549
909,3.34105938191739,0.695704363743616,3.35574586460385,2.4552450284324,149.482620822638
910,3.37208082407685,1.00106039584357,5.22518671519683,1.60144465108417,149.542701801619
911,3.55866798568763,1.47398969082764,2.47136941758932,1.98028933199772,147.84082240041
912,4.34998031126159,0.423059804275389,4.08633239900349,1.29167239322467,149.851820384188
913,3.25846413574784,0.908818960309959,4.62518245427557,1.50990967467991,150.038250857746
914,3.81621048628175,2.65625474855004,3.16898822449546,1.18115189501112,148.174996435591
915,3.86573492583606,3.04698837663603,2.78277283320412,0.0281486060350351,148.070409692823
916,4.02258267637518,1.94378913031147,3.36502791181378,1.19863879808651,149.769940790586
917,4.33855371171434,0.157673417508124,2.78488857509616,0.701601374787826,149.870147280547
918,3.61091355593632,0.0389181416224414,3.05068327227827,0.52961268180681,151.501282878627
919,2.80329379382461,0.0464069922940911,5.6767888501246,4.59884649453961,148.874091401402
920,3.36965481256503,0.119774613325222,7.23089965279933,3.35851301245509,148.544686629423
921,4.19125381656908,0.13439373847576,7.4597099431719,4.86605863906023,147.491221232866
922,3.66266971578741,0.604232581872063,8.94600383081729,9.20768113359606,145.842492339847
923,3.66074206435464,1.82857764500255,9.42796472827549,8.09862415657815,145.365736940334
924,3.88250562106084,2.52453637244617,10.5975453871665,6.84691896095417,143.397668273084
925,4.18608978707475,0.311597862503672,6.06751560442925,4.9619324292459,147.979579934836
926,2.97639944691582,0.430156369210131,7.18146149264695,4.08712285882577,148.23556527708
927,3.71673985641996,0.0118946785471976,4.92020889269173,3.57847510162019,149.575492807046
928,2.89299647081599,0.139096695881119,5.24384613140016,1.50134598172116,150.001138326
929,3.68029822970293,0.790900189319627,5.06061288338684,3.76469420342584,149.270832339476
930,3.41801020621756,0.717050918656038,5.61360243035918,2.91479939347006,149.591565981881
931,4.10821167007748,1.6222397405428,5.61731610976428,3.57687650733503,148.692257174754
932,3.53455375048659,0.433725706039591,6.18965565195202,2.94912414185611,149.372111119692
933,3.5305441124483,0.330415719105711,3.05137840835401,1.63479275667716,150.459381498347
934,3.58665328217527,0.914875222782867,4.47916790775152,2.57621681177553,149.940722513293
935,3.5457049507549,0.80847864576772,3.38347774112311,2.03132755024951,150.016244722156
936,3.78969663072072,0.743509851873036,6.10966831238741,2.4079486348457,149.083363483926
937,4.11592755703374,1.35736361026915,4.20052887337313,3.36109194921239,148.706345548747
938,4.22892945855183,0.452346287694598,5.26474263034176,0.054831960717545,148.58129976787
939,2.8933882151419,0.549325856336689,7.38084860338131,4.97591331081308,147.750551650519
940,2.40636652487134,1.03966031686869,4.96939349505383,4.36189944100654,145.090046084968
941,3.41380315919469,0.0152688699347425,6.0530096494528,3.57105062021337,149.690252158765
942,2.95689823546943,0.162532037142664,5.19900313618722,2.09436068757017,150.151209639189
943,3.03567457073314,0.0942424262495398,3.92190817094589,0.193919777626314,151.383335898515
944,2.8527745836792,0.545805997969948,2.82734818942866,0.515394954587855,150.541389152769
945,3.96352474109989,0.204046217229837,3.07223818177488,0.903934895501838,150.734524028056
946,3.06365143724993,0.362423764958801,3.54897101311806,0.0474838991870925,151.396600837923
947,3.21596099202468,1.37053229140505,2.96929118500261,0.536116378877206,149.933561304959
948,3.60716866343211,1.95617382183958,3.38403644414194,0.604745945549785,149.640180115487
949,3.24998306426081,0.223735260611697,4.84617562552305,0.638085941242472,150.483732985571
950,4.72788405721467,2.5973773568096,4.71289687524837,2.95602386041396,148.167740223982
951,3.99042975835666,0.43649154937915,5.39715070435481,5.64871472996419,147.224441896406
952,3.05459614809614,0.792725864509906,5.73491272816444,5.34815483821588,147.537620260984
953,2.41839837656066,0.105638903414634,7.70750288634914,6.14318714646963,146.700589822875
954,2.61992751424391,0.00709566209807944,5.90735519398671,3.55307360337583,149.056209387161
955,4.02850636848106,2.17565549097641,4.50996846752748,0.557589630093459,149.13244785492
956,3.75021518450362,0.856196693751517,5.60551708179487,2.42318494331324,149.545433827072
957,3.78261551264973,0.183709093334418,4.52358255111328,3.47032419468432,149.42943860735
958,2.53806726443288,0.0966843518225372,4.52725366917906,2.65245125196435,149.372379534699
959,3.51314321864204,0.829992246802798,5.10088865712444,3.55878982555378,149.388388242778
960,3.76063886190327,0.903869175003926,7.48940208673399,6.98573994871795,147.148191450163
961,3.21938053968515,1.23276457081101,10.0954546904038,7.70826773472839,145.361260714252
962,4.47564298686996,0.495894296666349,8.5772932176975,6.6816812545788,146.161828184901
963,2.93158826803505,0.347525789124182,9.76885260831698,8.07438622265708,146.404377056772
964,2.37470050124467,0.41514944965094,10.1849786292142,6.41178618409576,143.830625999982
965,4.97011210338896,0.556733141891248,9.52528350823908,7.23151112201022,144.187203071029
966,4.1002575695617,1.58430841884107,6.33203953737473,4.67400161778791,148.068516279184
967,4.31991095035338,1.39329122457558,6.25143496270107,0.0830982290285709,146.638738217565
968,2.81382827377009,1.77080174597124,5.79896595846027,2.16954044726316,145.75521597599
969,5.53383005184814,2.16535535147956,4.65648240804331,0.0474285800548523,147.427528631166
970,3.94339225505571,0.358035716594384,1.98807504224899,0.27673711432146,150.113723373156
971,2.94243791126646,0.0233622216152729,3.62818898370639,0.731768935144002,151.429059440308
972,3.75873527462077,0.545379185765788,3.28850639210737,0.724315701641252,151.182476526442
973,4.03725068289796,0.185234712621467,4.17111762565694,1.50311524658734,150.309739991317
974,2.60884105027427,0.447429416120089,5.5638742095034,2.44767893339641,148.557922107626
975,2.854448801095,0.24748141574259,6.00471835673171,3.23001151962985,149.212651751256
976,4.18014954767475,0.218191823796345,5.58801181522986,2.16148071245408,149.002836759703
977,2.89235194240394,0.263384685648659,4.44355109945092,1.56239917473255,150.476583722152
978,4.30003417454581,1.038914385581,4.12037441419184,0.168974755372379,150.208581294919
979,4.58104923093237,1.72373824345539,3.97162609179178,2.8687369725836,148.531570950472
980,3.78486907438487,0.464438220556574,4.56529316573942,1.59109386182512,150.500791699054
981,3.04307428766568,0.0364635501216575,3.64426397701081,0.890940740498716,151.444205000327
982,2.99724767120048,0.289430629425299,3.68607164527371,2.67023854725461,149.689872178711
983,2.94593719163192,0.427619262276744,6.09989756738832,1.62864982638273,148.643936762549
984,3.62216332323289,0.837424787629095,7.29886339539179,6.2696079382837,147.720230281165
985,4.19469543669309,0.823811279970639,8.0485898698486,5.30705235575638,147.263675516401
986,4.23532991314683,0.914341349760729,7.5682719238454,3.87223730946589,147.358182085895
987,3.55002328388977,1.46991373444432,6.1156586604732,2.40678629201561,148.298615952524
988,3.83274478279674,0.618730789429701,6.27491581537871,4.24571299698872,148.916359366491
989,3.77202420005203,0.222270241177279,5.50745097319187,3.83780214958529,149.38822270325
990,2.70567702896335,0.317766509363508,6.23570563330798,3.87039898183195,148.515481559369
991,3.90970367186333,0.743947979074209,6.39403742621941,3.14246894563568,148.846703785703
992,4.6249102037631,0.75356828921046,3.45101733936271,4.43027622155914,144.952602969061
993,3.49315522815763,0.620225249346124,6.73221110714017,4.25833875228049,148.824427783271
994,3.35102891767291,0.328165334346817,6.17154859279422,2.90912267397042,149.467759611781
995,2.89170599645161,0.568825115192223,5.16979938521322,1.93357882015663,149.467096159791
996,3.246794573199,0.469702355570498,4.41709251940453,1.52170383883923,150.683098561678
997,2.81341625763769,0.19467401390243,4.81270960843376,2.77474326044076,149.847515185857
998,3.2652030350949,0.189585365377257,5.58231564275723,2.57288268672633,150.044424014884
999,2.94229417641837,0.0717837412755478,5.24724282598786,1.89094056525084,150.198278568
1000,3.11080919429705,0.365045495163521,4.28763770927893,0.215376810461952,150.807611189354
