"i","lambda.1","mu.1","lambda.2","mu.2","p"
1,1.95381098166431,0.176138869826184,2.62695201829692,0.25250972258234,133.32602774054
2,2.41194943336387,0.128177877566945,3.36371381904307,0.586779710685591,132.741589867331
3,1.81075851997698,0.154717367457232,1.84260944500728,0.0790636278855474,133.042235092945
4,2.33814345317869,0.275450021411261,2.44715361354625,0.246985568225339,133.705989464931
5,2.17177088345557,0.239277341431982,3.28179806480651,1.08123720204104,132.299055678773
6,2.37868465330393,0.252498233850051,1.98679655009596,0.16565382243367,133.767282849446
7,1.95245723514583,0.346751652305589,1.93709669401524,0.0243522732148203,133.115724203051
8,2.2938378219608,0.484008355875945,2.36434287185223,0.216426020942131,133.297455374629
9,2.43610898388874,0.0987303166806247,1.95996387309578,1.1937434991179,131.624889783515
10,1.51297845182843,0.206728930696014,2.44984862420175,0.261122601015914,130.952874744608
11,3.00337131230941,1.21023600704497,2.83056566929791,0.0795597162965335,131.716627114167
12,2.9941453065307,0.166215714331145,2.72223716225942,0.256026403564629,132.337045825751
13,2.79379246434237,0.574309436281393,2.25827877499281,0.072634108629484,133.188926224027
14,3.09464495624198,1.25158681330859,2.34734359324396,0.129257633052147,131.907892184372
15,3.29733452319248,1.33634654295746,2.33855704471891,0.0852069759491924,131.58809568381
16,2.74881623664719,0.461971550891848,2.31245581495916,0.232718224732832,133.142981070475
17,2.34626312506938,0.59446707172649,1.62039439495565,0.145272836760395,132.537961624843
18,2.41418013014112,0.676781378271833,3.63599293929972,0.0426171309153713,131.261086767266
19,2.74490749511941,0.0307670827396469,3.71467563814699,2.69075893723138,129.91607313331
20,1.80514131852375,0.339370140020766,3.79313520387271,0.0241347980358532,130.262405849309
21,3.06684737505726,0.843089469604973,3.98517567809289,0.346806094838055,129.809069716309
22,2.3666747503002,0.429422823788605,1.35638813549813,0.338044372638419,131.555272784319
23,2.33837675751517,0.370450375934593,2.45316691054141,0.86347273330946,132.623459989346
24,2.52061768750195,1.29343833471315,3.08617678338491,1.43622271873587,129.676015308172
25,3.2822967733544,1.38947676641207,2.93445175817153,1.10999564288046,130.105834504811
26,3.44651489068299,1.38046689316921,1.64127681278995,0.115689623198689,130.653628689853
27,2.53595565429687,1.47262939751803,2.75664919171015,0.0186726069324089,130.748278803887
28,2.39635046460754,1.83832782559915,3.12797437049866,0.15953937411646,128.090679680214
29,2.47199708451554,1.73290945166629,2.70682351953867,0.73999010887602,128.845410432307
30,3.09865167945222,0.0631241032675689,3.07938571247952,0.795866233933981,131.072990663803
31,3.13223048983006,1.05171256986257,4.39263282490845,3.75717048698747,127.051564742446
32,2.46368183408407,0.811605551286451,4.8660624064988,3.48259911108979,128.082143048374
33,2.500294202854,0.83481994263451,5.14303467541844,4.17228096584808,127.260797829849
34,2.73596972017338,0.576627050313006,5.84601166479093,3.59359152008146,127.508227612484
35,2.17777197950438,1.02398674726771,3.17804067743358,2.07046314842151,128.65602090207
36,3.14404417465928,0.152818156898427,3.1484628766493,2.63104848556592,128.240836485454
37,3.01144694855879,1.84055114811186,2.67139687196298,2.30290980428964,126.904104649955
38,2.97253963220819,0.721044790801662,3.62358853119162,1.33577188184325,130.573018881866
39,3.60583043719222,1.30270059375106,3.15283688759469,1.00094063876413,129.438072188261
40,3.0628035483435,1.47968382096373,2.1534178347481,0.623356382111152,130.697746110688
41,3.08877302857829,0.80202773583901,2.75264097167666,0.158658569183299,132.04743356493
42,3.21344481939848,0.892770320033257,2.12303325836737,0.237682530879369,131.814932795294
43,1.98865434083147,0.840770884167592,1.96296983059866,0.56295278202775,130.364492884701
44,1.92177801854185,0.82679301143019,2.31399255221339,0.233123577467417,130.905183218061
45,2.56696611649932,0.677267815291416,2.12095561737528,0.261423280530898,132.914271675555
46,2.48725056272152,0.257780550511049,2.65734212829675,0.0655694744406759,133.720868101349
47,2.12684143256547,0.635046952342656,2.61272839317964,0.0807865157530205,132.551002172011
48,2.42180234536272,0.0732652238803556,2.30190421289055,0.452697829651358,133.678575565536
49,2.35759647142831,0.180492954876458,2.54647460890138,1.61441858482338,131.626257966117
50,2.08154846091059,0.576843271709124,3.45208025486587,1.34946728173143,130.779399954675
51,2.94475701360907,0.175047322582205,2.66355036780066,1.18616982705913,131.346832752569
52,1.88927460478313,0.407341989598568,3.55269906582263,0.413093626433618,130.973540364949
53,3.24327380673912,1.66640953138177,2.14278390364038,0.126241007200594,131.146636132581
54,3.12919359718715,0.261376061520235,2.15011829735961,0.211331099260644,132.087921023561
55,2.12563164062374,1.33809066458823,1.70220523192066,0.41574543828736,128.70500681368
56,2.59323737806843,0.438598412300877,3.5498997717236,0.31297333869654,131.904026285059
57,2.64851645136185,0.225952089292065,3.57214426931655,0.538625189808824,131.978972997175
58,2.77225047712592,0.64827575203647,3.45749611665682,0.738577356842318,131.504338837513
59,3.17557170379073,0.570970152461126,3.10583919142451,0.341694793422911,131.298330694282
60,2.98860973862955,0.319425206550679,1.70504988374886,0.410898128959237,131.62938337726
61,2.2553586504707,0.10003687696423,3.20844824428653,1.044092699903,132.728477169618
62,2.4217417496481,0.253202606278385,2.98376406233698,0.835733673504583,132.796783890401
63,2.91521988356059,1.05428285214828,3.7115434860274,3.37123888937284,127.579563310029
64,2.98946829538827,0.565129579377418,4.41316917705742,1.50641683640651,129.422975659005
65,2.46308832791447,0.429476302029777,2.51225737772107,1.18453082904795,131.996447137527
66,2.57228371134779,0.806937924624188,3.57978131808051,0.629304046897006,131.180090844941
67,2.70921075590344,0.411223232797132,2.93598387426575,0.563202405991976,132.576940162303
68,3.26605589293189,0.0900461017057092,2.08059884894881,0.33822983643295,131.079433248853
69,1.90895823995748,0.0778992540295047,2.27429620507068,2.33443846331039,128.983272122503
70,2.41905685773274,0.503593921630368,4.7327591656416,3.01787476494439,129.210981422705
71,2.68040112011017,0.932120693906895,6.43734064236984,2.08577566305978,124.960335869702
72,3.30165051143602,1.187475746309,5.67028698244787,1.59619913204888,125.559155923437
73,2.73017132246859,0.0480609064758338,1.44914409499209,0.656937129834589,130.936971553316
74,2.36656333001448,0.296758758861025,3.87911904400742,0.667124029223967,131.576614428963
75,2.50111579330592,0.927331055964836,3.12072130600769,0.0430152573368328,131.793016387755
76,2.52178673003145,0.162756975430519,3.34359723280887,0.730711315941,132.535761836274
77,3.50446243799982,1.83575822401031,3.66927291921239,1.07490210291769,128.670861902434
78,4.19149624665451,1.98671003414469,1.77163820516696,1.27257425826935,125.803872909128
79,2.44976508356729,0.919419122439593,2.5339110528407,0.675061338494775,131.738759020035
80,2.52624045939007,0.835927397003584,2.4319084269183,0.652949765740168,132.053306594417
81,2.51801027161289,1.00634368494727,1.40601522987091,0.174760105180828,130.990922616797
82,2.97556406706078,1.33028201169249,3.03683755258356,0.99761205836394,130.553506318697
83,2.1387145444466,0.796411617957032,3.53639870471363,0.288221151734378,130.555084573465
84,1.82945342133204,0.278482359062663,2.77378182645806,0.798437219672841,131.849848594958
85,2.822396101002,0.556891419447169,2.10740200092299,0.182361728707405,132.963304677218
86,2.7767901478465,0.101040372927349,2.54995540293804,0.0604884367636814,133.371364116604
87,2.16496025511257,0.209715005742515,1.61243945725717,0.531781177305193,132.250758013658
88,2.02458148963463,0.228822166986178,2.09808249353751,0.490873270388049,132.970562756286
89,1.84141086784132,0.0990840044242653,3.34232839267071,1.06184202799286,131.889449832842
90,1.73641233048597,0.193797627635009,3.70172953043911,0.923553775258841,130.703969081757
91,2.85775143780705,0.150397993260013,3.77917779094105,1.55862214212883,130.764150535138
92,2.2572564834238,0.431011329336906,2.94185377069524,0.111477933132037,132.998566488713
93,2.24135825099683,0.10904281757923,1.85662200914489,0.184851869304298,133.845515245321
94,1.78104677732341,0.0389799028049808,2.62919663349509,0.626703227966725,132.752160965261
95,1.56010005106752,0.346246986702637,2.43338646248104,0.473820729650175,130.371581255586
96,2.50953806804606,0.527024322546836,2.17390461607849,0.323591472542206,133.11629277707
97,2.99303945815487,0.522158809930441,1.43238333515257,0.0782516433098207,131.684864253749
98,2.55772314110325,0.220842921653062,1.78847725525581,1.01914206930274,131.34328617873
99,3.01371369023011,0.514724318805313,1.98079657588751,0.684114251191485,131.444575824336
100,3.53465151070579,2.03723942107233,2.99272476784729,0.0261436628832309,129.798349632799
101,2.83507364256794,1.82122502170395,1.92941484649968,0.228191308306854,130.147741993729
102,3.53917743165749,0.459087492914624,2.05155047182195,0.309613436244994,130.226764892045
103,3.34171849873862,1.05830442484324,3.06544842946559,1.05298801151913,130.232326807661
104,2.62772152046449,0.583698810650504,2.43296996682088,0.289537813366161,133.051352030454
105,2.16880023032973,0.156321451177405,2.73873941298086,0.336218928691865,133.599936493708
106,2.3382167413027,0.246052957283091,2.87132094256599,0.368017872082858,133.346916143922
107,1.69133157150627,0.333472972167567,2.6334260445687,0.435755247337577,131.374975842243
108,2.05879517847419,0.530072636373641,3.42068946859659,0.659636001193067,131.331711666197
109,2.7276885033122,0.345521085928081,3.69827215099939,2.63439821394373,129.907067629793
110,2.700335011246,0.175119431348535,3.53782653723723,2.24569315444896,130.613367445762
111,1.78147246751179,0.0465951746799245,4.04637249730775,1.13652599856439,130.832323865331
112,2.59093708194163,0.784811791193527,3.89286905724461,1.00108993552228,130.619446295059
113,2.60936338117315,0.107748803469995,3.25870636821423,0.945442830221216,132.386640695601
114,2.37974498903344,0.0165836551451528,3.69113808959973,1.79290523432483,131.761523449232
115,2.10504655679461,0.0608960394897529,2.74700151718418,1.74963354957807,131.711921953577
116,1.92013659792107,0.0246959679319736,4.54236815008713,1.92918645211858,130.421775952105
117,2.21448931575854,0.320339554340748,2.96539555435019,1.74722030339945,131.389084909749
118,2.53915609631701,0.45022554500826,2.75743754489474,0.682961985637475,132.719459650758
119,2.6638107743021,1.0399017273297,2.44232039661135,0.376253937757664,132.073890475756
120,2.78820784589029,0.421649828716566,2.39728474308895,0.377100661629858,132.896788933642
121,2.87794564842298,0.324240528359306,2.48616968413993,0.0670589835513814,133.08046855413
122,2.22771470480493,0.526108947327544,2.28170406518413,0.00486933426971678,133.388832926501
123,2.4096501296641,1.20969731591818,3.49270733908429,0.35671907592406,130.018830919904
124,2.81707261636052,0.913724947962757,2.27629049848361,0.411021882644248,132.23766877896
125,2.50689892761446,0.13432071685599,2.51604764523402,0.534766013725795,133.40403570548
126,1.93478095823471,0.272084714773616,2.70953396740918,0.149029111738973,132.992621513959
127,3.32057464228998,0.957446274012188,2.9489319395684,0.245223031022419,131.105014943752
128,2.3635486548301,0.189838834855173,3.33857039908534,0.295573361591801,132.819106335287
129,1.75895676439875,0.0736231105727406,2.51084683841139,0.459256587446533,132.780513674375
130,2.74456770826654,0.109103276053972,2.31019936977245,0.0786297324381981,133.562351280214
131,2.19722944052331,0.00928697741130315,1.90578419837683,0.16206629926313,134.124440061591
132,2.63116690095532,0.360127179754587,3.34265808844556,1.07157540893776,131.955382841941
133,2.79281658325953,0.263550605911617,2.33692165074962,0.516870500730941,132.756482492042
134,2.15937357490153,0.148264638202656,2.38558872891824,0.520956378299148,133.499884044211
135,2.35077758507093,0.661848304417229,2.49688078184252,0.696641733314717,132.245712053437
136,2.42052155789222,0.101222053210495,2.56417874196202,0.544896334769092,133.525288528773
137,2.61540939874735,0.792767923445399,3.01003446750121,0.0188884168353724,132.361200357616
138,2.95681787473621,0.610335507924496,2.54009324595517,0.914220821684149,131.630665340426
139,2.5651304223293,0.638047193923874,1.75936931763657,0.152129630964493,132.807423185951
140,2.58342981474236,0.06619715622897,2.01526873520363,0.436198828774695,133.255452301198
141,2.04619664954598,0.131493247800788,2.73197753154248,0.566395604683443,133.264460008472
142,2.81618744356274,0.384653200157244,2.08825964022505,0.442527006438946,132.624010434903
143,2.46628021547578,0.67804118710688,3.73619040204432,0.934057812272474,131.072383967128
144,2.90164453594936,0.184879949755932,3.48965204757796,1.66235100166793,130.767975654052
145,1.82401976633573,0.0479768805949204,3.55348664782389,0.130291801701105,131.973992301508
146,2.5242893158254,0.251402987895625,1.43976731017011,0.248841767277612,132.361392733162
147,1.87518470868159,0.443109104177892,2.30775321251812,0.237970114868353,132.253366789122
148,2.94909577004034,0.139781895869705,1.82786146390848,0.139809368621293,132.567942478983
149,3.20975398884824,1.45037638941647,1.59852692815263,0.223969585408721,130.600114369571
150,2.78086061785763,1.82889573722582,2.89532634671493,0.282331204553262,129.780004480228
151,3.14068198384731,0.414982553329424,2.27692871371564,0.132510419201618,132.247472510007
152,2.2000643926721,0.527907982144474,2.42959082868628,0.458742890478851,132.70171635244
153,2.1674254314823,0.201654198368433,3.85998213297907,1.3015360516346,131.588312314481
154,1.81737519307031,0.0860493265678404,1.35865379007638,0.913106369120898,129.594474534353
155,2.34425211757217,0.601465367636362,1.56537016748021,0.810249178468252,130.580084682057
156,2.43422631207289,0.986942655449717,3.45700721388042,0.228738805889588,130.866660072919
157,2.58294487685192,0.276549534239511,2.18659788222186,0.229523907806011,133.567627888391
158,2.48934082951504,0.0171340359509312,2.41744142343285,0.155652964198693,134.051161108787
159,2.15857407266149,0.130513036480659,2.2259522624271,0.121625026082458,134.110588677641
160,2.38781028927925,0.13106326348918,1.42557231511373,0.180230281720681,132.783059158025
161,1.83242411640839,0.060089378266189,3.49714393448525,0.307951172834775,132.078882759469
162,2.8550208616271,0.508198617122867,3.72607131404779,0.0127684861003651,131.000156463911
163,3.08212334086858,1.10424715784682,1.99760614455074,0.0829549786474119,132.110823006369
164,3.63614194635919,0.450355958343195,2.89854513754591,0.183418488937644,129.604514602789
165,2.17868458089081,0.719732676218737,0.994745883901405,0.228041611696844,128.771694856768
166,2.65483825299653,0.813296213529655,1.77109987286996,0.62917837834491,131.388980911804
167,3.05957533067856,0.451375012255368,2.66093592763072,0.80207930636499,131.576253500306
168,3.79017286470482,0.452196391535921,2.35148593349086,0.419892359098896,128.862598640271
169,3.07472938071361,1.00260914377008,3.210264779415,1.05242541379075,130.751295652705
170,2.46935527608213,0.286193924400763,2.5066068889244,0.754281318538833,132.940924695498
171,2.30509878457861,0.705975324501936,2.35081268057842,0.278860834005733,132.653252333323
172,2.80613766907596,0.660348017350233,2.94115208735394,0.137877699443317,132.475635380031
173,3.31239981649527,0.772378713430575,2.53555142850199,0.135179036045891,131.6339583849
174,3.10616811887059,0.290056526011657,2.63691226202516,1.13530288624721,130.873810160005
175,3.42899485928238,1.24559123342363,4.06343133108781,0.796397622323744,128.682204079553
176,2.7724993420005,0.220669202451907,3.72335596989284,0.530237891794851,131.421164565325
177,2.79534400013647,0.00897045443029982,2.92434153433519,0.625601123812298,132.485916024924
178,2.78524322220753,0.172614906260491,2.32607074127065,0.605033460084925,132.65849628632
179,2.34017158721922,0.354179240148661,2.17098177718312,0.0698279132128065,133.825834196863
180,2.18283062235873,0.325011722588097,1.87644534100306,0.905298812727422,131.729042329541
181,2.11143728814332,0.114427030177292,2.04461830696913,0.311491701971389,133.705157367685
182,2.10600239705975,0.176933873066427,1.84553264112972,0.300019046200739,133.333904083327
183,2.05147218732474,0.0398420779149945,2.79243863253501,0.127079998778514,133.85234025958
184,2.31651261999788,0.0125055178199289,2.91747592302158,0.468382566684734,133.598190251377
185,2.06429097460521,0.0111683033843184,2.39086126128471,0.106406382770087,134.270606424812
186,2.16060831945342,0.067585414831583,2.28904412344244,0.295903623543278,133.995065670953
187,1.63249715270924,0.146408383540363,2.13983693081028,0.41265253993176,131.809157328578
188,3.19089228175187,1.9625489311528,2.75942706436075,0.410127956736809,129.994966858465
189,3.96710816182107,1.37724505540468,2.65509019623158,0.712729970789725,128.762297037318
190,2.86022490514954,1.84818092802736,2.70582908037906,1.29826644976235,128.747194190063
191,3.50472124792454,1.53910185607385,2.91444547453414,0.152697736135778,130.484653182133
192,2.86706234486906,0.502071085122559,1.68241625410118,1.29625606211265,129.389949250353
193,2.65929602673291,0.76848059781738,4.36208736011999,0.772158220224454,129.656390456369
194,2.96934782368326,0.700461718994511,1.33745657732722,0.724965424732531,129.338827369563
195,3.15809073012251,1.25789848581553,5.00218116449716,3.76307991602212,126.781130333641
196,2.30660303434574,1.19843704920114,4.94261404565843,2.42458842291698,127.015654829896
197,3.61556844321938,0.317658161427216,4.30499674588574,0.0203459574976991,126.396118255486
198,3.33433812515961,1.84836233371697,2.25267898137328,0.0305885905463381,130.925720087967
199,3.30100230011846,0.312340408756459,1.91650585605441,0.535345340263309,130.555260455403
200,3.42339313628426,0.265861583091489,3.84159628105793,0.165485850931096,128.639324574073
201,3.27959608478787,1.26023069947394,2.85151934689759,0.821245645606764,130.613179086304
202,2.72811271929918,0.32743789741461,2.6028047136002,0.0367900059790326,133.372738429764
203,1.66053124331144,0.017525221397929,1.83999075805875,0.0715192726664785,132.849475453967
204,2.47132918864198,0.435095966878901,2.76037664249433,0.0478288520354305,133.363680086356
205,2.41226600897612,0.440721793690129,1.7035638188198,0.0456678352500341,133.309626273725
206,2.80527126626486,0.908638127258792,1.71171393690501,0.0277336606375251,132.440983833442
207,2.89165913403113,1.31119544453878,2.30453181839463,0.097626410847999,131.950634316504
208,2.15872599336655,1.05752527556426,2.35894604322045,0.15586203993454,131.181739516964
209,2.569408890854,0.558252472229765,2.83713878060983,1.49412942928937,131.391080660804
210,2.49060596610028,0.220273115541788,2.97451503212156,1.23709608536735,132.328590658836
211,1.74909821543723,0.363777305247542,2.65990741681102,0.472969556850907,131.535873829104
212,1.99977211519536,0.197631085307984,2.15027714104131,0.296502249675915,133.386224785734
213,2.89222641948627,1.05715319493239,2.15202242237743,0.28095770018538,132.123683925713
214,2.99707335432045,0.84591623094827,1.83645653947696,0.0259112911638432,132.464720079169
215,2.27836653145493,0.776642184209275,2.93703971119079,0.980733549598046,131.356218076582
216,2.96944678113616,0.456049191896343,3.01505151818449,1.55152493063668,130.782987923795
217,2.22443487025558,0.185009839357535,2.5029801926164,1.83656533769591,131.053479907573
218,2.05631452954122,0.10963015386735,2.00904821563108,0.29955559041208,133.629108474526
219,2.06090261934672,0.0470080889840622,3.30434060011323,0.534751176639888,132.935176397549
220,2.10889247923568,0.097227728642039,2.22349547072367,0.191305267723293,134.031616009886
221,2.23932164619526,0.0318225062017128,2.44401035343578,0.20448925755725,134.188025161584
222,2.8949158418951,0.144753331069222,2.186957535839,0.534506571716227,132.368391032648
223,1.77062442645514,0.15698462444511,2.93931824850888,0.637212055266716,132.112145341262
224,1.83669407421368,0.0488763955080639,2.79332503606431,0.718405966814043,132.759356022705
225,1.87977715225315,0.288069694645471,2.29747519095542,0.767558507951407,131.984208940317
226,3.03528160848641,0.754705459510923,2.8317324169725,0.295996881836032,132.004180013028
227,2.59819089363166,0.393268899456192,3.17242079901478,0.372978689695704,132.597799653512
228,2.75780662964787,0.313858039178086,2.92399491839636,1.61948553700713,131.238429840039
229,2.7993247578991,0.344318196713593,2.24952422276384,0.0910689364968937,133.325196180091
230,2.54905519225256,0.418623789172148,2.66366398976855,0.316088549779403,133.210934296717
231,3.20556461708675,0.656844912918469,2.44982314333265,0.67734230801818,131.286243897009
232,2.33945551613965,0.168974877303841,3.08676468989099,0.0783483494887153,133.357391285565
233,2.02430848441803,0.582605802903038,3.49709924685655,1.19521759691976,130.642481308498
234,3.80997674604958,1.00579361482931,2.80080669869703,0.065804943842382,129.648680243318
235,2.25654766094358,0.69037306945976,3.1438527974746,0.312288355045774,131.908493217225
236,2.70914045952408,0.55605044178539,2.91241959512897,0.252990180553107,132.687995099415
237,2.48231560715372,0.000834518615915088,2.07184913896971,0.061569151463962,134.210753393546
238,2.4416932522946,0.00599970378151985,3.05862491767024,0.107103288772924,133.515357160556
239,2.2379788037924,0.150760786561703,4.80103946504885,3.50274421976064,129.386562085003
240,2.27666137450114,0.0867556560651522,4.40199763856794,2.09588034340812,130.827712971837
241,2.34663247010516,0.0383896286869046,2.56926993355704,0.972745247043133,133.04872453013
242,2.48964881451994,0.0147372469300235,3.57563342949373,0.213399904453594,132.447522431818
243,2.1462731144803,0.145341166405172,2.62538417354328,0.0720935335558851,133.941171330796
244,2.11214503108124,0.11980363625714,2.51208672601243,0.230293196094218,133.880697496346
245,2.4803634887223,0.465569354785728,2.1277583583425,0.205676003970534,133.403034295267
246,3.12374830388138,0.684225830363057,2.05071517321914,0.799632854694877,130.956873400905
247,2.33081008845991,0.218102256122739,3.51946332105407,0.662476985285003,132.372219072651
248,2.23503085260268,0.03965336026679,3.97569763602068,0.370495307826963,131.766931104876
249,2.76088106084275,0.562572427710205,4.07413023572017,2.17654963931386,130.059161102059
250,2.48388042749075,1.00058150794171,4.28660483963403,1.85797957284897,129.183550398985
251,3.09287728142813,0.401354843776935,5.65101640780008,3.48121862396579,127.005964515032
252,1.82585174530768,0.557424306126407,4.56166599638258,2.18412537831582,128.052961471481
253,2.62821158321823,0.381780156860149,4.68694732940093,0.56152578112521,129.275340820575
254,2.51136057279256,0.403453368143487,2.43362143836093,0.229777055122648,133.47269804862
255,2.20025123048285,0.0985857774937586,2.18348309009228,0.368122500969471,133.806634278483
256,2.53100370661311,0.396393204152266,2.2691007778951,0.670817731163907,132.772615236649
257,2.67363461856129,0.42598716707267,2.2496285561383,0.638151454139626,132.626370040194
258,2.94709699221126,0.717000815187454,2.62803786733886,0.316018461675941,132.361637291728
259,2.5316150393593,1.02482808669312,1.99839794423042,0.152200688386732,132.212433025888
260,2.36805684010459,1.33948477182827,2.71168213554437,0.00878959148402277,130.774658287907
261,3.0928968276687,0.868763018883287,1.85137143128429,0.295576732257421,131.73117287166
262,3.3828719080072,1.17163847681598,3.00319604047521,0.83393541986928,130.347263911341
263,2.38898365697939,0.49926335319497,2.48696695654485,0.472372532386371,132.979059279235
264,2.31875923476764,0.443099013647817,2.42186924319662,0.174130092396176,133.45439465041
265,3.16703254023025,0.359150973980914,1.88236659419476,0.397264359939581,131.385391219411
266,2.09955690650775,0.26900610808542,2.82698731272352,0.591459965288068,132.918730889664
267,2.38240886740009,0.048887110323486,2.72463266124802,0.221942129936946,133.888005000812
268,2.42232498929504,0.198938343473841,2.85875606328468,1.02928415972571,132.707449988125
269,2.16493954631401,0.00575680922312702,2.50048338439835,0.150540822210959,134.258588243663
270,2.26012109182413,0.117986355685239,2.22900869518224,0.123009514190091,134.182199621519
271,1.89911331742931,0.183207988094681,2.41373580577178,0.111564467835283,133.411519970786
272,2.76886675673048,0.240034231376054,1.84515630346418,0.10747220192407,133.192487501168
273,2.91880198579395,0.171258071637007,2.41244670450239,0.103943773731488,132.964646768169
274,2.92595150853457,0.401998540236621,2.30950334321107,0.0797090238344877,132.9911859767
275,2.69609705555458,0.391448073904045,2.8958239487256,0.926557948707643,132.27217935476
276,2.57448542389873,0.939733857612304,2.88298891003426,0.475009999793218,131.900225132548
277,2.4399268025638,0.569507303379609,3.17180449240377,0.849390848021453,132.064754559199
278,1.78269734502963,0.00290519696978761,3.0172627818739,1.21138280660734,132.045099229806
279,2.69313917821096,0.3454076256635,2.48281872126009,0.370023733784239,133.133595581427
280,2.49381114797252,0.278058264106752,2.24410496067422,0.0435670739899699,133.946876016861
281,1.77781185078791,0.167736832476239,2.36001384711586,0.897692318257544,131.794295010206
282,2.82848250515563,0.181341341653981,4.28243204206859,2.35504431236804,129.830132268098
283,2.16985194269655,0.358424170729396,3.51356358978745,0.949175466494266,131.839218211832
284,1.99834177240151,0.171964659791217,4.23215025613209,2.56439172286715,130.189490907868
285,2.89392485066256,0.454775195362964,3.28406364663727,1.65303838625518,130.826165581447
286,2.58763816363458,0.705918573129834,2.60117939191189,2.4005567273275,128.923645963189
287,2.75690439154889,0.239465369673167,5.0994470192763,2.42882944243952,128.944338972711
288,2.15521523760163,0.598232045343524,4.55685528144686,1.51442206561082,129.305883503266
289,2.68835970118906,1.29970648303957,4.48928616287683,0.334953005343445,127.906901036715
290,2.78329410531782,1.28805155638924,1.85514056548078,0.501503581833214,130.897460442311
291,2.536733060961,0.899628010213849,1.82501376588965,0.733852413733729,131.027942478008
292,2.55268309929828,0.0542025623947787,3.94905670082277,0.475581224577006,131.520356782632
293,2.58180491247643,0.605665086851636,3.22098857385661,0.0666068022392422,132.32488196504
294,2.48236986556435,0.450454422209861,1.89115760537755,0.674475445537645,132.217624130542
295,2.70494148834319,0.528061606927481,3.41016926152096,0.851440930194735,131.740265911567
296,2.22926397951828,0.566163907365983,3.19261242784826,0.489909161455425,132.052685341965
297,2.6391421804349,0.0163073191654498,1.95826024762753,0.534227537945976,132.87883817712
298,2.63127763939486,1.01245294061223,2.87849182186411,0.812533005014146,131.439787060416
299,2.27513186271631,0.925201582186652,2.93295395300596,0.105059291308862,131.625759949831
300,3.48683526640854,1.53578132785588,3.52048207456087,2.25373707545676,128.036412733354
301,2.62985745889471,0.9609699360226,7.08963097538931,2.87295461641307,123.986446353191
302,2.95977358441887,0.66353920634491,4.65664282956525,2.73682941264016,128.721282289457
303,2.42591228422828,0.118340300067153,5.03671870985914,0.919364804021801,129.138239141637
304,2.7772100495939,0.291738211635986,2.38122242022451,0.457228692509222,132.882343686424
305,2.07048598880878,0.0540054182062369,2.25402785857198,0.179089902449776,134.105568626244
306,2.16015749150763,0.483931176712217,2.0784351100879,0.785983251053961,131.923655846287
307,2.59750372105952,0.571243121132579,2.13231256395352,0.0378682580088597,133.4504778857
308,2.52773477641754,0.699922774334674,1.84867622503122,0.176622177806822,132.769867384168
309,2.63670183285228,1.08543461464615,3.16619244162832,0.173996547471203,131.414283855326
310,2.87762791058193,1.19087370139422,1.52541006189122,0.0489688208480553,131.471654981335
311,3.10583598076029,0.685115225049628,2.95488499903147,0.684938356895481,131.414844596883
312,3.09075681292477,0.620748345700444,3.90312218872794,0.219740294788175,130.004671946018
313,1.9742386215164,0.490846219412914,1.42748797390117,0.535432160371125,130.304402294223
314,1.86423687578705,0.587649279837797,2.18340829603485,0.8952734820991,130.394674562103
315,2.47641679042854,0.44894222531907,2.32154093263752,0.468238206578449,133.080743545553
316,2.51723126525935,0.670914165907204,2.37456501109423,0.0615228145934221,133.225119244181
317,2.17810343819073,0.493770789968492,2.85514799010038,0.771838196580536,132.246194998794
318,2.1814725340521,0.473002580112302,2.58280467945361,0.382234592366692,132.882637591702
319,2.56444804812938,0.488165632556682,2.0803893897061,0.123587569308379,133.4450068287
320,2.24780458324719,0.261082307211498,1.92100714700207,0.170387542653079,133.653407358879
321,2.03395084031485,0.259125336152326,3.3757582192888,0.929804775136532,132.023433145689
322,2.52250571756731,0.166065025227623,2.45907465406817,0.168566692974607,133.82765725577
323,2.18250909321387,0.480936653991384,2.45945173701247,0.450159300709488,132.809581405141
324,2.83016891115498,0.386135639431008,4.23027660709299,1.89793713329653,130.077432457849
325,2.62194865153272,0.661383084046413,2.17295366998106,2.24552728275131,128.330738450377
326,2.57811420678704,0.868525811191762,6.25119466707086,5.19259991098767,125.919053056385
327,2.41688247008583,0.587416640640957,6.48477784150846,4.23628869172006,126.689387502187
328,2.25130824725992,0.620967347138255,3.87594808554359,1.30847231774919,130.618257362844
329,2.14809940600263,0.498244344283549,4.33003263596506,1.49146813465841,130.003118256363
330,1.9714133001251,0.374375085584962,2.15900398742151,1.4242848099665,130.416070364686
331,2.7560488403837,0.930302300716146,3.88674610640902,1.07570954480454,130.327392258495
332,2.38912262926288,0.658593078945048,3.8612147848733,0.791058755400376,130.860704515193
333,2.98164634471578,0.134630477413073,3.18351861372858,0.195580439485819,131.813699998719
334,2.01114375944029,0.180805302782307,3.14000051433471,0.0047222015513509,132.953453890435
335,1.62947781966052,0.346057789764314,2.69333560784808,0.541214852216198,130.754170686272
336,2.60215432643133,0.285138814128075,2.3892977450341,0.758325734699981,132.74937116307
337,2.0335795396874,0.314960250154409,3.63571652707208,0.282568427448208,131.614680111742
338,2.77195109136874,0.284821759911914,3.49523256016516,2.4992897883739,130.003294696785
339,2.35675414405154,0.240260715094595,5.85838729375086,5.25470729919534,127.105037249094
340,1.95367809313235,0.403110243365211,6.2711194665562,4.39616743325497,126.494792832073
341,1.94936000428679,0.900277824826191,4.57752444795148,3.51032309205675,126.203903944337
342,2.49027591133338,0.622314940219232,4.95777554628996,1.43804854064342,128.831234167629
343,2.26466477393627,0.504411941659651,2.51176365938675,2.6038545376183,128.41132337995
344,2.03525214842616,0.68447196546643,3.91384474842283,1.81887016532109,129.464827551808
345,2.58308042479846,0.379784855955129,2.97791232738698,1.98915816153978,130.853052444967
346,3.09808937992236,0.568395898074005,2.56483145388913,1.08667009146124,130.997857123913
347,3.26222479234978,1.24409999919147,2.87325836747396,0.351030107595837,131.098569354018
348,3.73251657409812,0.727832955659213,2.18898671145777,0.00458127422190247,130.17535128823
349,2.12302629725655,0.305631271757079,2.35414186209347,0.17525796608236,133.558128781874
350,2.51144773764065,0.421033693852799,2.96678278136711,0.403857785361221,132.87898808941
351,2.16804979520148,0.403260908822184,2.63848797520836,0.371917108094897,133.031298753152
352,2.37355254324458,0.110007290614487,3.06728852843308,0.0528725992599403,133.471645135052
353,2.35578104221117,0.333331386367386,1.69105712361663,0.0439840065021979,133.486437118474
354,2.45599830621873,0.325491361351658,1.63011772696244,0.35941020618995,132.604264703842
355,1.87793086155447,0.241182049393397,1.73756256214667,0.849271190256897,130.991340258146
356,2.88495608179591,0.455976334745677,3.93806059693842,1.82770635107196,130.276594405664
357,1.75864201726517,0.574401801370963,2.63161969531615,0.967064225663126,130.016640202313
358,3.45108033601648,0.792460110849348,2.6486202924731,0.788992151481928,130.321002143621
359,2.0868606348543,0.729399255743662,1.85859486740334,0.477069446089971,131.240463603795
360,2.33441789913314,0.693118777103898,2.00467756326415,0.565549767356391,132.023641348766
361,2.1348139588953,0.0941557858101656,2.06404361129546,0.615347574484139,133.206476269094
362,2.31952565197243,0.321387040483687,2.25863087075585,0.129916768308208,133.801643017216
363,2.36439506443084,0.0397923440360438,2.37795897481512,0.959305831156197,132.948868683161
364,2.84035202628046,0.152406735183737,2.44737376637957,1.01908569388308,131.85488338145
365,2.76511687493845,0.0607014084276001,2.87499167667666,2.03945975974224,130.511202784905
366,2.28899490881232,0.455318903889892,2.79968118940246,2.16014725998543,130.213964531327
367,1.96644901402164,0.540713641187834,3.41020065652972,0.376181855070817,131.068643653212
368,2.47679127158326,0.353441653933155,3.22172015089567,1.70113930826644,131.51076185134
369,2.37875954152724,0.43331060671852,4.03337622938978,1.85448099627115,130.748047434822
370,2.97726269728141,0.746481816451989,3.79704194012578,0.498911119054682,130.513050385661
371,3.04383525722312,1.3780183320291,2.20268963200004,0.501926170893616,131.153133423902
372,2.87351085381391,0.782645589658711,2.73579810192746,0.0287758654469072,132.578600754846
373,2.93082968127578,1.04513140588377,2.42901893890041,1.01492049956144,131.002112096289
374,2.25997856774627,0.988995511819873,3.13105138689913,2.28631756965299,128.666230369807
375,3.29821877283332,0.474673439274071,2.09787839871263,0.543407178926338,130.912200359526
376,1.87253645132707,0.0911080328773501,2.00691245774849,0.471725449515157,132.899870363842
377,2.38633435539111,0.270976527567456,1.97197846807149,0.0284597058819409,133.967750069977
378,2.27799203640426,0.485195269632611,2.34599488142301,0.0631398333745581,133.477104774377
379,1.60069916907627,0.323091398829602,2.12236205899268,0.272425517516735,131.030689297507
380,3.46781375904558,0.0137187280742097,0.900000564629042,0.730006085504968,123.787993610289
381,2.27406171696842,0.0169012267196183,3.32356722757235,0.662875833364799,133.007597498768
382,2.35533600869642,0.172420207840707,2.88991074753654,0.943797273928453,132.880526918451
383,2.44098783209509,0.732432593653796,2.84696259341067,0.772673366395264,132.009357208494
384,2.75736233588134,0.51254396654126,2.1974057707679,0.173901312687572,133.157628628133
385,2.46186828573607,0.30804989292669,2.41692944811414,0.213886383138713,133.670461727338
386,2.66919745404446,0.327494956786191,2.19349680834953,1.56972974877834,130.631915603938
387,2.54953920729138,0.897386943941483,5.11083151371074,1.95391114220389,128.122614962892
388,2.79824857214274,1.34523699193237,3.84879818756988,0.032055789231449,129.442793988949
389,3.3265325326562,0.480930274497031,1.51406163421746,0.18045115157029,130.525979614252
390,2.62922747000196,0.460432311690536,3.22099892820078,0.84642605935819,132.132534572299
391,3.07829072611675,0.782518054103219,2.49915981159904,0.871680045591351,131.312204944684
392,2.37311944623001,0.255093514323612,3.23681012138971,0.144743896488909,132.927684585756
393,2.33835844463779,0.727725054401088,2.25526544373571,0.123778488768195,132.870143797132
394,2.12104509658186,0.455556832464336,2.469309148218,0.33088526074313,132.906779399252
395,2.13031576996986,0.370979497487192,2.39316588273852,0.322388851898823,133.192972558538
396,2.39323609861808,1.07408080744926,1.76045464907532,0.721024846136096,130.177139070831
397,2.69995449565337,1.25495869239648,2.47571714614183,0.323172053531961,131.6423889812
398,3.09347021619698,0.666236405306896,2.75025737064344,0.110831126342261,132.131452510915
399,2.74663962517841,0.506489258477098,2.0050506295829,0.431675975795582,132.598575946856
400,2.27346504217708,0.43774349914686,3.38114043241416,0.978154906656475,131.925491783632
401,2.36140469680868,0.122058303725002,3.27442130792042,1.61055684277031,132.029399640261
402,2.11075676715145,0.308720057425018,3.83417218833889,2.36228000002766,130.437158906252
403,1.69844466273411,0.205322068140121,2.64292483350128,1.18512124209561,130.907703010665
404,1.66575900969835,0.0448490850605803,4.12021304541784,1.53626707941235,130.091426411327
405,2.3426475472041,0.21146264399212,3.23992479034993,1.11319039700744,132.444143488565
406,2.8620761722123,0.528738189834042,3.15380959083612,0.377732303490518,132.069951243054
407,2.80727442786527,0.423284113522666,2.91342557331108,0.201589330735585,132.678746062613
408,2.56001745504389,1.05302737821085,1.97177668064807,0.712400491661302,131.009889723249
409,2.89439895632702,0.104125484812607,3.6647404726599,0.728227026798923,131.154453256175
410,2.86723695172798,0.267639790905778,2.28814685041925,0.871643840771969,131.907564335385
411,2.84630483402316,0.677775664926122,2.06269005307997,1.3604828608295,130.254352468588
412,2.86771317511067,1.39623375657051,2.41741525025657,1.28959947241472,129.808307445374
413,3.07312960822558,0.872462918142549,3.20332618868539,0.726180386463831,131.12808395809
414,2.8996125165639,1.19596216219112,3.40629580096691,1.48157750137927,130.111366792973
415,2.85532892111476,0.838381065220058,3.30891258094913,0.173857275949365,131.590317814678
416,2.710478502371,0.941912466862914,2.88688008591889,0.00948043152438559,132.265783570236
417,2.67770226881993,0.588004882447743,2.82603279319714,0.00661144635574404,132.948953582823
418,3.09519469482394,1.2734339488237,2.68894235008689,0.0124585210202228,131.759295517448
419,3.3423770662201,1.27090744538576,3.53460160434516,0.349894419579904,129.92028699523
420,2.75251266373816,0.0343669089661415,2.18565185965423,0.216041637454754,133.351483465755
421,2.12276230547025,0.677798777023842,2.78653503346081,0.378231904923074,131.975326813123
422,2.50581367032379,1.70548148119785,3.46092454673572,1.53392624922,127.861269611402
423,3.46475690397374,1.53595952108292,2.3970205297714,1.32349205886704,129.061318080798
424,3.76931846641165,1.02603822557939,3.23513803219673,1.52653353905739,128.140405332188
425,3.07475889122855,0.977372050948459,2.35601876714428,1.66028537056242,129.445214740743
426,3.08071248964934,1.1592841660495,3.59516912015713,3.10350686856381,127.686155387299
427,2.49882211549445,0.0574396118724448,4.38869479625551,2.72373246294717,130.279288453802
428,2.81982761053231,0.978369806781148,3.88817445765041,2.22920671072747,129.510464215319
429,2.10951303253288,0.68618039314621,2.28950258957386,1.38285970634662,130.152141865313
430,2.15447152473802,0.109451433688177,3.39484359098073,0.835099484414659,132.623500782732
431,2.1474436990049,0.285468235009554,2.90833352638416,0.319096830349837,133.120565519856
432,2.11866302931244,0.182844430391593,2.67670746855432,0.819222269981062,132.95521734552
433,2.57978603106639,0.544008782449138,3.75911639173956,0.745795724473799,131.325706111476
434,2.4388953044805,0.167266780060486,3.03480346177865,0.73964179323884,132.957461562257
435,2.30699841125863,0.414303660142735,2.60502013218835,0.902724629991251,132.49736224894
436,1.84988061812982,0.326731153361392,1.62434233253671,1.0803256896139,129.531397736764
437,1.88324064234571,0.335427688521921,4.53309009580424,1.84729326298149,129.326690542303
438,2.67569638712653,0.202044120563295,2.65029250061352,0.493943629810747,133.063621848188
439,2.82065239315595,0.620232906815892,2.37995090303923,0.232684093373798,132.869514110003
440,3.02841849788193,0.814853126072489,2.65721261579008,0.249146885174426,132.175457541708
441,2.7414951125336,1.07914083872503,2.64781950480983,0.500539110536041,131.802851914779
442,2.4654053052004,0.87976922599529,1.82872257262292,0.601014429690086,131.332469042401
443,2.34047658835098,1.22472049283147,3.03551603275124,0.0767757293275162,130.62863062173
444,2.56967666696569,0.155683048984178,2.55964102064049,0.658478629521836,133.112820200475
445,2.64390792522429,0.11416134065559,2.55129944985912,0.203528346070939,133.560395175091
446,2.52866325460637,0.76552971144937,2.82209022337344,0.127254328648876,132.60080626168
447,2.79926465015565,0.624637688450591,1.48633562960514,0.228191192336493,131.794782099152
448,2.93051712494435,1.33956145817969,2.29152147373812,0.0492170816100318,131.960965193379
449,2.96682147334691,0.29899750753255,2.25519901594604,0.00795000031683362,132.987138456276
450,2.93855293332604,0.315499293354823,1.40502915078653,0.249823148951023,131.311341145601
451,1.30298505710902,0.0794775027690306,3.69683717707295,1.06173329034974,127.738922668791
452,2.99245151721709,0.798576762044771,3.97590309967874,1.34468623863096,130.019955364321
453,3.29597352360113,0.336791296723583,3.85217522222041,3.01075629218495,127.53828089941
454,2.69118136632804,0.664029387134267,4.20622369278737,2.90341463693993,129.236088746672
455,2.56180643733592,0.738632306270985,5.8583190737033,2.92540249514371,127.294387376757
456,2.84986824728621,0.528553805792903,2.55338290264257,2.03378608879475,129.68992030355
457,1.98328425643495,0.734272062492089,2.27785801685412,1.92318060345744,128.118941893862
458,2.59022215814497,1.2416132555303,4.85880309953971,0.41165471007392,126.921023275047
459,3.10892471035654,0.836363001552325,1.70648992440908,0.675798451840085,130.504573987432
460,3.97430378353445,2.83780132649007,2.65329729923318,0.833253129963622,127.682090954501
461,3.37603754898251,2.83108124701608,2.54470372478524,0.906347440030813,127.036881716014
462,4.00121136958298,2.55538268014449,2.70608062490412,1.30383239448223,127.419451931866
463,4.60267701207623,1.75871045390764,2.56749058024331,1.05940832648884,125.83542063734
464,2.49048545938272,0.225620989778511,3.76193018491616,0.024136243968388,131.761819250597
465,2.54115953460129,0.317561015485018,4.24788477309303,0.498902119822015,130.574440783898
466,2.22463228002895,0.31941758797537,3.71117156656058,0.296986321175158,131.783532530384
467,2.26237842403111,0.3893274981138,2.70871223625218,0.958186882807698,132.442150588639
468,1.87345741107727,0.166175645255549,3.48671695661365,0.646766772693553,131.823550485513
469,2.09110623283603,0.244816123721301,3.24281107591226,0.730058234817154,132.465246884091
470,2.06266878763673,0.16102695955903,2.98009845722376,0.717808924220319,132.901472843016
471,2.65599019582711,0.082051765417734,2.07094031656614,0.526586974158627,132.970133021318
472,1.74533453875656,0.256471173873583,2.18533863295477,0.935595175271708,131.039719016164
473,2.6689575596527,0.848547805895755,2.67456795872145,0.320209573981585,132.437655230847
474,2.64400359898838,0.0983146883709624,2.88365919433289,0.205376306917436,133.261215808507
475,2.57027367831998,0.728585106681178,1.50078205843515,0.0891648524128149,132.206345358237
476,2.46642998012095,0.456652688697025,3.04997555411772,1.07467199575321,132.158718478588
477,2.15875489483966,0.219392717522208,2.27444363816693,1.4685024780104,131.392898021359
478,2.68965164818653,0.463761388983323,2.05631585845429,1.00121830747292,131.574538405704
479,2.17490014585576,0.458060316374702,3.51940100210322,0.0314775462713185,131.751774518811
480,3.11628072226259,1.87042574422702,3.63689989944308,0.376743920536576,128.921445663481
481,3.50551866378245,0.553597361175661,1.63048178174284,0.519230164998338,129.269651177427
482,3.17327565678078,0.708955312016265,4.14512741789197,1.69589071861879,129.264022228626
483,2.90786951306826,0.0356180638056653,4.75121887813086,3.62466731057482,128.136825947207
484,1.92553109938734,0.282027626011618,4.83726214126717,0.602768709303248,128.52261452456
485,2.34617100875118,0.0979457497641032,4.70560447599703,1.21606673662222,130.246290300243
486,1.95302989512469,0.117185018611818,4.13302014666673,1.65649161446871,130.910192497637
487,2.18597778711804,0.0207064522858979,3.2645476750974,0.0217169708445765,133.308374337223
488,2.67329571773086,0.140815603664126,3.04490004611826,0.388547311094338,132.8543187463
489,2.39505973958284,0.180108470213593,4.58451614734645,3.44704012893024,129.437428080086
490,2.25821294805241,0.683943596673678,4.71301635853559,0.118798709283106,128.086036536383
491,2.73878722716393,0.910366546002906,3.52490563899061,0.0380523610104386,131.125858367738
492,2.75209285244244,0.416465594381832,2.16750507200055,0.244625755876434,133.131537918848
493,2.07602810162574,0.20932272590958,1.89624669451883,0.816173263127745,132.118372149219
494,2.21663371793455,0.247972828132869,3.17113719819895,1.76597287075963,131.58156963785
495,2.70420007819112,0.150467958454414,2.93155673799085,0.429432607758897,132.878681923736
496,1.99025286155389,0.061153592350595,3.32342999344602,1.24155144077792,132.282836129886
497,2.31062381028929,0.0971055968224797,2.66576363939763,1.3302690815046,132.426510168075
498,2.24963197440583,0.220691759152846,3.24548106580064,0.792504617372344,132.660611614751
499,2.40594129383885,0.603707442145222,4.08051990318961,1.77224038019453,130.391926927865
500,3.36473152488335,0.673954081581007,2.34606746032681,1.20624783467319,129.707859134161
501,2.09219322889385,0.102488489143759,4.46144864647303,3.57767415622058,129.330275130154
502,1.64163184481193,0.488284354001858,4.25196500451688,0.433969516482516,127.603190851207
503,1.84445972224344,0.945483603364972,3.50109004422267,1.61725912413216,127.791971915599
504,3.64562109956321,0.784177889468426,2.76630972850228,0.742335523770296,129.557181901566
505,3.17942795051391,0.201460075096543,2.53011407563394,0.154334081707234,131.864452629765
506,2.24186243580053,0.0824191689312052,2.40170900807846,0.297940812444004,133.992006948512
507,2.72905715980244,0.274806665657422,2.19449950863543,0.606408452576272,132.667383518232
508,2.95031370945521,0.918565192206197,1.82628404163648,0.66824477017561,131.039350905695
509,2.30076834876957,0.173312996882251,3.24402471615726,1.01006541322396,132.600177507985
510,3.05734658886325,1.57463640304917,2.155010244512,0.289130160541248,131.107463266075
511,2.94603156684697,0.929974591890923,2.10000122235613,0.276003371791808,132.22851932478
512,2.66709816787747,0.241752136991826,1.96758206526394,0.650391564668769,132.453668191139
513,2.45668567088028,0.516144548657108,3.25391219307777,0.564416210790715,132.267702809323
514,3.16629549559335,0.00754377141564342,2.3594708526445,0.126031291840711,131.855338643964
515,1.30587221687299,0.139873436956993,2.15001832875732,0.617477416168686,128.606483522662
516,3.29498171275903,1.35396153300852,2.86076144428019,1.19095498220358,130.024872433224
517,3.48605633471095,2.75502265847729,2.20989818573194,1.80121870483807,125.141251688913
518,3.87600170686988,0.710142026921509,2.76156739566958,1.82839043081717,126.622302201403
519,3.64075148652923,1.70542136518661,2.63056749967634,1.51833341989645,128.439612812339
520,3.74222914423676,3.34095301325505,2.88955402263975,1.01664983391862,125.826561847259
521,4.07963472742293,0.435847804527498,2.15203347808181,0.497281914484962,126.878161825866
522,2.11080127890518,0.370950255606707,2.99112127835605,0.963523575541298,132.173911573241
523,2.36686564410453,0.259724897869097,2.76520335178507,0.399442001625027,133.387983788597
524,2.51832074287374,0.927839774261085,3.11490462457004,0.525670624720065,131.593533709341
525,2.42370032414854,1.03748723393491,2.59011285456331,0.155709559442164,131.960516952858
526,2.94655606691903,0.254982739228706,1.51151520330393,0.155974481915028,131.894299513469
527,2.84090288993165,0.524779006346692,1.31554910669376,0.266142681223027,131.059023375905
528,1.97793184387007,0.319508301750822,3.79736018238643,0.784061433650164,131.109687525956
529,2.22575908194877,0.502511505047546,2.42619341958843,0.898788839186467,132.122489334362
530,2.24786262539148,0.581355005411915,1.95882393596761,0.389140681900489,132.485888712944
531,2.26253646901629,0.94407783477182,1.66286818800851,0.860076908177391,129.60100983393
532,3.22780726397652,0.370168835732606,2.66432388343099,1.15097760905344,130.425848307683
533,3.21628690785735,0.474574993790307,3.22718136474555,0.0635134849301712,131.033362928591
534,1.73072367244567,0.0286068921864289,1.65231669633485,0.00596416066402618,133.000345748483
535,2.25147905096927,0.107433507829264,2.08655399033169,0.0752322000418126,134.242896469057
536,2.01625718220921,0.853428307461907,2.27269938238782,0.171186434979822,131.367098354219
537,2.84077761725201,0.177481200829456,2.33908321505579,0.0329177011958774,133.325238859124
538,3.17453049658999,0.351540138459,2.25497623732649,0.421611951528843,131.658018670854
539,2.12940422590385,0.125662593845792,2.68645818898197,0.838090159732925,133.075733929304
540,2.3621716169609,0.100945719995127,2.74727793596198,0.290227791923327,133.753930072937
541,2.43273213008691,0.35105150471478,3.19573250925866,0.318056770816989,132.764332131278
542,2.31752796246113,0.502782818677498,2.03584808548604,0.501128542237733,132.651935589669
543,2.14426692594994,0.091242217514304,2.30205992584959,0.131988933368967,134.165525812094
544,2.10321412846043,0.158519561038069,2.00243596897415,0.233153130323555,133.69790253634
545,1.7138782932452,0.522153963148713,2.40384092855442,0.389829605109037,130.788522373305
546,1.6643624270437,0.0728998765351079,2.83791061181869,0.67975812617681,131.924083336033
547,2.61761920348608,0.0943678192708339,3.57803216645701,1.17653320686731,131.877535571766
548,2.21955080824161,0.365352855104401,2.69831067189645,1.45878328066352,131.641559412987
549,2.2929346041152,0.501686657214912,4.22152944789969,1.10183148764378,130.445221220862
550,2.34433545037521,0.243963660639064,3.63203102566841,2.66554577753652,130.370643790742
551,2.51405422880272,0.231143463927437,4.1514116938052,1.93333087741067,130.840230136753
552,1.98500148817694,0.39016016573212,2.24353829061383,2.56490962534134,127.439603814178
553,2.56976101726358,0.132025905489351,2.59076985663219,0.0201322985053951,133.846378328943
554,2.66884073080527,0.486645227596843,2.08160618786503,0.0391318696768773,133.487884948741
555,2.93053750305465,0.375887928409461,3.01137093113311,0.639635076850252,131.965415474149
556,2.07617981140605,0.436718490987438,2.46869125222875,0.271272272798174,132.926196907272
557,1.88938527756142,0.613323660831505,1.72748845514063,0.23771238829658,131.128443708586
558,2.69832196621667,0.920166111188128,1.99704191408622,0.0344228637295581,132.763188153011
559,2.54417448660635,0.0767119809063899,2.49748024255129,0.0185653447606083,134.014589909202
560,2.36745341317288,0.331851429665476,2.77141380432438,0.0754264304225516,133.523058014191
561,1.95601448617129,0.491790016496547,2.9415234611682,0.218861639649945,131.994920325523
562,2.71422180577523,1.76760146186553,3.09597615704721,0.647698399431721,129.34329951877
563,3.06167890462219,1.2218565066244,3.6844008155944,0.779495778121905,130.065311965363
564,2.27516816897681,0.0147528425220673,1.68752955214699,0.399118833168239,133.207775653069
565,2.22487587587831,0.103169887659,2.07761242141695,0.673890929536407,133.140027274482
566,2.09077120299523,0.141186425322588,2.13113939661398,0.540886386534756,133.263673303736
567,2.03575610696203,0.00438822094063572,2.68142443206338,0.429048897005777,133.739541260492
568,2.25633637583826,0.327784325989497,1.86521314866833,0.347027643619212,133.083403089515
569,2.1820176364167,0.426930879714515,3.47415361644926,2.13842152920382,130.586462266715
570,2.21228050076469,0.182765720359112,3.02854810976768,0.655236382026207,133.042862104398
571,2.55043606551848,0.0682904874251683,1.85818370169319,0.091005714733775,133.815981556675
572,2.10927769503058,0.132280667583812,3.07239422741874,0.0326278853966627,133.36187688574
573,2.80214627943584,0.780130507554803,1.92989845541259,0.245212097658447,132.490751383985
574,2.5426564458919,0.2628472061858,2.11325723090555,0.30253207756737,133.479820782203
575,2.26016158964064,0.105100039300074,1.91932315957052,0.0322099211222771,134.218066546208
576,2.33084310328608,0.269168259424645,2.71910819217336,0.0251669322266464,133.732551365119
577,2.3713305244864,0.315577502793116,2.18183692573297,0.117747127459801,133.834457836996
578,2.40953662766158,0.0905910647466315,2.14379749786768,0.147931264680044,134.102785093677
579,1.79247796966807,0.164703436992041,2.21507954376819,0.0258750730622891,133.222072229545
580,2.42055498478143,0.0301052450149874,1.38327089478661,0.076462894288044,133.012004989793
581,2.27409997966775,0.278867145673532,3.13272882491864,0.648698101138676,132.779299613306
582,2.77630534347631,0.937862740491515,2.46128155843813,0.314929337630713,132.361214037601
583,2.74479491992236,0.912930286323574,1.47093741461241,1.05935029079117,128.908132393619
584,3.04605211775733,0.506389515943684,4.02280949831038,1.20867447201362,129.985986351808
585,1.80650229904297,0.62646242131498,2.61359070885694,1.20403078828638,129.688847841365
586,3.19242201734966,1.2641650952114,3.44161815378577,0.770477423081681,130.232950255382
587,3.1331056963212,1.72881251589224,3.07771082762179,1.31861092751037,129.353876472169
588,3.57311221566239,1.85722412127421,4.65917491919478,1.93619791248948,126.827276501786
589,3.42521372308174,1.63317964538313,3.50704260438943,1.10725087755853,129.214004098519
590,3.16982114950296,1.32929818399111,1.6029120977658,0.934906908229837,128.885156432244
591,2.85527399534897,0.328990670873796,3.85854898015521,3.1977751883508,128.780348668048
592,2.04625836454206,1.04293127892203,4.5404398535443,1.27267426180536,127.206260584413
593,3.21522663013843,0.930343611908833,4.21813116177821,2.85400243179265,128.159009733254
594,2.79951866586622,0.788644075078103,4.37908907355773,1.83104584568001,129.574868930053
595,2.38081274911686,0.761344719468517,2.69988545169957,0.956896719840814,131.66392482431
596,2.36893460192738,0.626865766819534,2.93939257849541,0.386972222693177,132.476406592225
597,2.31394052954516,0.656916383521507,2.26678334882718,1.37051313149879,130.722573216098
598,2.58830732256586,0.253376309635467,2.9898555645221,0.736587999481818,132.717844401386
599,2.22898823172473,0.646608173737722,1.65474298469873,0.188278878982433,132.182195392153
600,2.22030395535872,0.0156084193724866,1.68225326070382,0.0542203641791497,134.010419990766
601,2.23142025621334,0.0961665140617212,3.16861545626932,0.0462577823679502,133.355361526492
602,2.18970454517498,0.267061212214558,1.89642802332442,0.226683446301135,133.449163712063
603,2.8162262396707,0.36535100849078,2.03379933296306,0.354524881055289,132.748997659282
604,1.94097882854045,0.283018863063134,2.27513633916556,0.299907599523041,132.990874840486
605,2.80041984333193,0.44233194356871,2.13633319266758,0.290786715802518,132.927424015953
606,1.96904721832319,0.203881771878881,3.7064545869599,1.43004650951935,131.332719179223
607,1.81225761551233,0.514526377529199,3.71467092562745,0.0229599662497722,129.777687268743
608,2.23565616115447,0.455798475499585,3.46142591236547,0.430253355950228,131.955552457929
609,2.36189147470774,0.491733850766226,1.89044701222261,0.274988946240133,132.988600559199
610,2.27192994519963,0.37023874012538,2.75542593237404,0.348406336371921,133.191386730667
611,2.81154259895987,0.494655697318375,1.9646249243724,0.0952625838429119,133.093607123406
612,2.72892883231846,0.50755738782984,2.24087713172411,0.389539496346449,132.880193173704
613,2.49669685493665,0.675497663747074,2.88499068692332,0.389096469254236,132.514122569484
614,2.84971315099686,0.259922076603824,1.64875847916618,0.531929657355882,131.601201341251
615,1.83779699276607,0.132342547224909,2.12019150498668,0.664895900078041,132.389347284065
616,2.71779590811378,0.223697271936646,2.62110625206696,0.316421366616438,133.171771957148
617,2.43147474038437,0.943736097393211,1.98420182406443,0.390264919749536,131.82076462593
618,2.61145142542201,0.873758625937074,2.40855230320864,1.23427872407419,130.963319796671
619,2.45962020832789,0.135598808470997,2.97842297837751,0.138288900038756,133.45994154787
620,2.34736130351798,0.125170261058289,1.96330025046463,0.0713002471560378,134.131825900027
621,2.17864064832336,0.0549179374729061,2.08767935163496,0.0163242021034996,134.414318967198
622,2.32891452724445,0.123546775940197,2.344380355016,0.138638681205983,134.131672344605
623,1.68452947006914,0.160269182836975,2.17733180146794,0.219341287820143,132.40587536876
624,1.73341414442238,0.463365030692976,2.45900164453692,0.0105074694727002,131.630056722068
625,2.93097936325435,0.554660156761114,3.04452090752239,1.34680853738178,131.126224544312
626,3.08017896422192,1.4554132664616,2.83373345435439,0.970965565509849,130.401126759028
627,3.71128250490269,1.73071047557855,2.68768301122658,2.23118059620522,126.818928022694
628,3.20039949701227,1.14086132546266,3.01675281768817,1.77082024411388,129.53498488242
629,3.300761370201,1.38117647534788,3.57573609239834,1.26042453142126,129.502767998187
630,3.03534465820021,0.0274493988597225,3.11238611237714,0.0229044515213347,131.721030175301
631,2.53819986603693,0.137814181901228,3.19497251153637,0.400148563624688,132.907379848863
632,2.11415535745862,0.0170098108548288,3.50368012677296,1.19357077572013,132.438137455626
633,1.68932296130322,0.0396668177308758,2.32363280232253,0.923538700925366,131.767911190016
634,2.90591073470345,0.145832752430656,4.25450202733685,0.977497110002545,129.987617485826
635,2.27808610769374,0.359301101876281,2.61922692134921,2.14828451884281,130.180960538603
636,1.43630110910441,0.377750748085671,4.1434503604343,0.137716612990365,126.482039487921
637,2.1356870487804,0.246264120787274,1.97053692418053,0.00158948421945646,133.918479006481
638,1.58308700488808,0.270819471665943,1.95231856302156,0.484832003596165,130.573938280447
639,2.50718164478168,0.25488838820951,2.02978759985545,0.462007542799205,133.160110206997
640,2.33299330861019,0.166680764044473,2.73896580388243,1.6491624232138,131.780042038339
641,2.88178463913493,0.00340234565549673,2.98335201962726,1.19953966828686,131.528430391575
642,2.68618814602701,1.04913854312883,1.9409325893959,1.04335329400765,130.273633892447
643,2.70392262814445,1.03600066596217,3.97974559389802,1.90257035782767,129.624509101572
644,2.68264635992264,1.72861113738886,2.61987842185647,1.85478132693657,127.59921660713
645,3.22948316803789,1.85411435659948,3.28631308016225,1.90493963376889,128.292764495446
646,3.08113457530737,1.36812047501987,3.65585587187813,1.22010409209875,129.699432300468
647,3.19209328792062,0.789852581411118,3.91661918522853,0.657724597011724,129.744765693925
648,2.11415888162311,0.323464736435623,2.35833489576088,0.15362425874552,133.521062544712
649,2.50862566052885,0.643028349328815,2.07095052080406,0.101458279857403,133.217551456722
650,3.14064705257831,0.354760722446152,2.19977998919164,0.456816352531564,131.702199553902
651,1.69347843645669,0.34157686151641,1.89231001600284,0.0170007965736022,131.866298934168
652,1.95674819065823,0.53648323381828,1.68550671240287,0.0474267765152919,132.088577040556
653,2.92648515670965,0.226271533790673,2.65669560668692,0.104803562552157,132.775040603067
654,3.00518974084811,0.348137737822293,3.38078702517391,0.280182869474805,131.409684370139
655,3.32322157329757,1.24123949479778,1.85029220808645,0.142035687863195,131.308684466052
656,2.94200207711757,0.993947702412615,2.72110615266488,0.922115581265933,131.305819817487
657,2.51712207861094,0.0800945952999096,2.22229896907966,0.404309193517163,133.58823111735
658,1.8388599453486,0.0892155556445461,2.52227089158414,1.64355391388402,131.000487544439
659,2.22739777520785,0.323118666730521,3.20478273150437,0.0595759073134334,132.811805866901
660,2.16525399958811,0.060246184062424,1.61025713977107,0.0252186406941252,133.831586109119
661,2.06925442125277,0.135156189966908,2.12940511354655,0.0174916565807188,134.131589953922
662,2.06271558068555,0.13782561898553,2.40445958373958,0.0312049301440464,134.046490362964
663,2.15870073795557,0.0714783009117358,3.61352236213886,0.341676079112821,132.477052874001
664,2.18935975773057,0.174825663690333,2.31067005735745,0.0927495443898413,134.07388668669
665,2.22986550099359,0.0760426873554407,2.13717886188682,0.598985251595226,133.407633965605
666,2.16740766345142,0.358603377698638,2.66596574793898,0.167461431695589,133.331572175696
667,2.03660863463223,0.617367538769003,1.33654001283554,0.434652858161539,129.996671321749
668,2.12892315579647,0.511051029087383,2.2218207535295,0.418933958289602,132.606725473068
669,3.27452371279767,0.461301660974665,2.48910147031285,0.172767850894095,131.650439834609
670,3.46569617362359,1.0143079200459,2.17010929835501,0.547061374810018,130.553873118219
671,2.70454138395739,0.516376781906877,2.16823595511144,0.400144298028924,132.850890220927
672,2.08732284430805,0.791114420921065,3.08863051915879,0.480983248253985,131.053040865933
673,3.29988745142494,1.48544114352803,2.80816152004653,1.5889422551853,129.22736195292
674,2.51081673508507,1.49741854444906,2.95223586125407,1.01145294399536,129.507741361756
675,3.15207209179268,1.43074374129279,3.0814987113278,0.35240013078284,130.765999452931
676,4.56523775221171,3.58225229514802,2.73437086127684,0.0235412442598064,126.841016342566
677,3.88481770080746,1.54035620645311,3.02653352915366,0.919883597997934,128.740785000395
678,3.06664796676801,1.14363759922383,2.95505228410109,1.03292767200716,130.775800377234
679,2.46666274736207,0.127561049718093,2.93161829962606,0.313759780167122,133.415249207635
680,2.52933902649375,0.180016785594057,2.74712479382234,0.113915931096138,133.631520266302
681,2.63465619671919,0.354838983860543,2.74050028097465,0.0907038116819158,133.326250604219
682,2.52798651574866,0.221640488984845,2.33678762607454,0.0361270205573771,133.968170863893
683,2.8014557200203,1.5369323374136,2.32052746415799,0.0774025614620727,131.355095603987
684,2.8403353625194,0.0693852053191467,2.78698487250942,0.78097366875518,132.259222550357
685,3.32244288663806,1.06612838664809,2.74329782994003,0.523913886879732,131.025637851561
686,2.382932255425,1.12069190551071,5.18870960101178,1.32091556479177,126.707398788514
687,3.26598299623956,1.32153726873041,2.4943622329217,0.94547857211577,130.401633146507
688,3.50111327704617,1.56540644572924,2.44869804188576,0.757478738531118,130.055030486136
689,3.72304700676827,0.975757012511672,2.44719609694687,0.579667092062707,129.652219711299
690,4.00124828126606,2.5983765458048,3.52515550811277,0.161576677049232,127.503100995249
691,3.84680381583582,1.27596429061829,2.53384289521569,0.327284551806064,129.685028124279
692,3.05753119780256,0.836273822839684,2.41219610201041,0.244875030693171,132.230568402035
693,3.48032009700151,1.45633185946488,2.446518603077,0.0672677727661962,131.117009629784
694,2.74300985769444,0.398492438496962,2.33514756435962,0.497989092542948,132.814882210168
695,2.72867539212001,0.297074570270665,2.47907594547798,0.789320746943412,132.49810527468
696,2.85909520292291,0.611496404678031,3.61262641055112,2.28463461915256,129.937560268531
697,2.91948988918265,0.111996772600598,3.86532341333311,0.536265936144968,130.692851050931
698,1.79771826875945,0.199612346188928,2.11001129123939,0.000806503115246468,133.146483239216
699,2.8568212223207,1.80929128244911,1.81965867101662,0.0211571814017673,130.505453662742
700,2.82510734912637,0.558944328134561,2.19737134434328,0.471917398111248,132.514235223928
701,2.84030205175519,0.942535013119314,3.80986552322242,1.30314276768194,130.30102434544
702,2.76117914773449,0.924901677237897,2.24158777244007,1.2655223240032,130.573068022584
703,2.73249624122278,0.681979506705152,2.3270261708207,0.718420931717335,132.156020026745
704,2.99286318656593,0.323841233520113,2.81201647633724,0.768103776900097,131.788397297445
705,2.82436077442362,0.472796966745421,3.05317434237661,0.0629511261158173,132.478445351861
706,2.77899401915245,0.48595856582228,2.01376976811268,0.0933935964104124,133.199699170041
707,2.63263016156665,0.129420974461406,1.81484468342642,0.343145490720015,133.020664077244
708,3.52505518201485,2.23040336772009,2.90187096798027,0.384085955923843,129.353521659312
709,3.98284860960354,1.88590560124176,2.66685249675785,0.348775742430806,129.263984173055
710,3.44600359099594,1.8572473746719,2.44219416205661,0.132238651685546,130.653558107206
711,3.88689172680374,2.09548422094049,2.33685164705623,0.200858277383778,129.697269578474
712,2.70722004156439,0.339817203247062,2.34609536123108,0.102390762334473,133.489126008036
713,3.01822279842695,0.206940521374496,2.07683323772541,0.314166857859102,132.267397949544
714,3.11559746390195,0.840133640424913,2.00028717703147,0.468522493452317,131.544719817408
715,2.61993405564292,0.0267328786347339,3.8139321799908,1.7762444605952,131.259811971094
716,2.34819055527005,0.11173360718754,2.70187801396137,0.906368632059165,133.0629545555
717,2.52851741255187,0.307888733947888,3.23453006074882,0.403373383583655,132.671992509335
718,1.85395083407937,0.186571248935978,2.79524098017189,0.450561849932271,132.645396675878
719,2.45700401186839,0.556959288451924,3.93341783452084,1.08298694530132,130.964199793433
720,2.77220763668665,0.256917852587601,4.10908399409126,1.41563409591179,130.611562812121
721,2.16359274882531,0.206802785802523,3.00822257068955,1.26231314371355,132.319626786174
722,2.43210823342146,0.0643697134929778,3.59415011604712,0.983265257850575,132.295447331014
723,2.24168673459896,0.0787297314964636,3.33012547247705,0.753771818108511,132.851573397421
724,2.49953967656425,0.514927106558249,4.15930087330557,2.17056040702197,130.275663821796
725,2.16334925049439,0.522324253888863,2.95323512795441,1.13601943274494,131.665255682928
726,2.89900792497559,0.621243188703415,3.12619694498689,1.63964048811476,130.748796121124
727,2.66671868599767,0.0204448658132622,2.83454733083276,0.674810465709606,132.874856473075
728,2.49851749640122,0.344236677777146,2.28899374079481,0.571919250099305,133.054745593117
729,2.12882369552739,0.0928393380571625,3.33380227400604,1.09374333988762,132.529377477366
730,2.26830537674171,0.503776840602924,3.92292199646111,1.15606591617084,130.936716225028
731,2.70795100819557,0.420972982873328,2.30407172510033,0.801206255290113,132.323903164212
732,2.72955138919781,0.00511399391180736,2.17797115636322,0.730359293806037,132.510171423754
733,2.95063156321912,1.84240336480784,4.43961535399764,0.188502421021097,126.752078662134
734,2.77095831441525,0.787289152520968,4.41560822514314,0.581238748623233,129.341837047566
735,2.55847998612219,0.522758300535006,4.30108406855273,0.547175313005838,130.158017915878
736,2.53373904126524,0.241962574517185,3.39566456273443,1.27013151944693,132.005119504758
737,2.33540021384925,0.24612092969674,2.64038819577098,0.714900638811509,133.112673869922
738,2.37205294669267,0.312089004135123,2.77170813325276,0.729107738320395,132.940766579889
739,2.24789757433031,0.677286455292225,2.65955269703092,0.226310819336197,132.550454997881
740,2.24658167509193,0.721895368262729,3.27848948199768,0.194006811685295,131.612445214162
741,2.83544200771251,0.77502184889294,2.77440688950921,0.0128623432107157,132.600867157952
742,2.80609847416171,0.0381432259307937,1.09734766353828,0.0393738801516618,130.902858892818
743,2.85888564376593,1.27777540896159,2.32732297071149,0.857784738296434,130.820319877498
744,3.05559947834299,0.410479075335146,3.26098596505268,1.91097560095544,130.027857289181
745,2.04479943974179,0.298601748804572,2.6460223681451,0.681530694939877,132.694429396339
746,2.0019419442841,0.19643127854397,2.63861092297036,0.394048407912919,133.234538032826
747,2.6586751069964,0.398548280502941,2.44085388003648,2.24156135856942,129.384713391439
748,2.73773007705006,0.386934049502516,4.19579045561229,0.891708359288154,130.461640299909
749,2.18305720948789,0.0598622750139473,4.58353672541525,2.46272337784138,130.481337482712
750,2.8288140070358,0.0274413858635441,4.44235762618528,0.774178321219014,129.739502068554
751,1.83455015032517,0.0762450404877115,1.32965498369835,0.0947984119518243,132.100338961527
752,1.68226399883475,0.151187184592789,1.51045419858819,0.105369401881101,131.712946229238
753,3.30860266093014,0.564521705686252,1.48922912440169,0.596576651646028,129.413101836333
754,3.07701556916759,1.09678189136512,1.69742552178627,0.392642735480556,131.038565005698
755,2.89547698947467,1.29767416570639,2.81876910125586,0.0281983979254643,131.643129266836
756,2.53335150640089,0.0638456355941828,1.93140357567994,0.24272105511773,133.638236891108
757,2.61940451680087,0.190373380792323,2.99142534178909,0.129070255103063,133.152274945605
758,1.79091311890939,0.106297322493628,2.68736213689267,0.0845151778025955,133.092460913625
759,2.43506040878268,0.427906148461336,2.17850361823687,0.10267064340111,133.652233086132
760,1.82418571808111,0.274047243102508,2.97874530166607,0.567746099814531,131.947409879125
761,2.63792243105764,0.298178666812599,3.82761010263774,0.416232927430655,131.427711892555
762,2.53392307981479,1.24793870071006,2.18046331832121,0.160822539372365,131.648229323679
763,2.161396929492,0.9014609853654,2.45954596616561,0.173994777399405,131.738145257369
764,2.29993784707698,0.234289395793624,2.17611831598743,0.0859392150316773,134.023572521425
765,2.68142891439523,0.0521113678098264,1.93717958835775,0.0722150418615762,133.648670017423
766,1.40191280332373,0.00391487554868445,1.77602868868099,0.0954178744929706,130.920799312264
767,2.48710954401885,0.210255695323695,2.62332629486315,0.0238213263054406,133.850012057407
768,1.80917423375474,0.281047049747829,2.58599298094302,0.0921880525961792,132.621810333466
769,2.7558706368568,0.0418457538080649,3.10950051096279,0.0669680830101761,132.723735851
770,1.87002716235945,0.0902044302021192,2.0358437692067,0.0137727698488511,133.754857075552
771,1.92456107183031,0.167816036943758,1.64928952965835,0.092151994420527,133.061856735746
772,1.85495782922245,0.420391405680799,2.12477577627531,0.153825308378254,132.340338301421
773,2.0022680643753,0.207841922106354,2.35559112146857,0.199111326638303,133.54193731989
774,2.51429720455272,0.163433786316719,2.28386821755018,0.116043731241954,133.957544569392
775,2.11107332785551,0.000140505498178688,3.05732886408888,0.0755938716728129,133.665625378048
776,2.88151002511166,0.14870488904706,2.55020651958808,0.811900923219719,132.113347994933
777,2.36484936247828,0.102744686626153,2.9607728174237,1.72755599109717,131.860771598966
778,2.75590211025521,0.114293538674393,3.65801542310026,0.858581109629211,131.561217852761
779,1.95957493504475,0.175838332280092,2.30993534471354,0.596636231536386,132.921830855781
780,1.87830648766924,0.373830572980502,2.58238823409082,0.161202537507161,132.519355423384
781,1.72759100551416,0.761257341795149,2.72411879892205,0.0791208435205035,129.87194117289
782,2.9629429110554,0.0361772413079256,1.83409834460153,0.0506902251265214,132.663913892756
783,2.1434093723201,0.335372283196935,2.43381832371594,0.249199203162532,133.401027656839
784,2.4941286131196,1.45050391269407,1.86553621587699,0.312439148985836,130.3267882933
785,2.92181757685844,1.53708029749808,3.05660143193907,0.369837634471032,130.596188250017
786,3.05364672465578,0.667622924407054,2.56730511092383,0.595741518992295,131.841882930054
787,2.41677106211339,0.255231737267002,2.30810590253281,0.210063495384216,133.798411317665
788,2.45145057161597,0.176836046304893,1.66294831283354,0.707593308878079,131.997900516703
789,1.97600776527657,0.104699647325039,3.3953087891129,2.39525677966592,130.645779239844
790,2.5723544240581,1.16164165054334,3.68474379260001,2.7836039510755,128.274814740021
791,3.26551874956266,0.416262732199479,4.53651107391004,1.68895938033126,128.268321343672
792,2.96053867759251,1.31044569833332,3.16884312796932,1.45394467126294,130.017514136387
793,3.29012664115289,1.55548508930346,4.13557912674109,0.069863267920411,128.200130811966
794,3.77428534363497,2.70180681280659,1.67258179631532,0.978215365561477,126.258807409948
795,3.1919768698111,2.43058764275154,3.56899228122224,0.00295221096944936,127.49238901738
796,3.90460531083412,0.218021844389949,4.4303339229339,3.24708640713902,123.758076920196
797,2.29537776020588,0.00718928401754462,4.40491983173505,0.789708866663037,130.93381360686
798,1.98110096284259,0.107022008907874,4.62856164202031,0.406166348167563,129.646606402451
799,1.85523660964837,0.219939278291075,1.01804400171122,0.471937326312464,128.669259854598
800,2.50253615967895,0.495427402677383,2.92207955669287,0.67048029933026,132.578573932465
801,2.01804763686246,0.188688353889161,2.26777037084649,0.471711052663874,133.218290891646
802,2.84131109457508,0.00664954027366541,2.43267493253325,0.63847864008762,132.47005601236
803,2.67921560708291,1.00189048702416,2.3017240101167,0.50679099285913,131.955362886756
804,2.95522411448669,2.21244739201455,2.53064475254944,0.441189605362232,128.950653877061
805,3.92441795771328,1.39830030169635,2.64831299067801,0.147517035878622,129.572776985913
806,3.88491225208811,4.29530831258493,3.21918841482226,0.128049404136579,122.519878379172
807,3.93096351590788,3.46865405301713,2.72091071069725,0.287281116773318,126.60710068559
808,4.25942686555033,1.91328733700079,2.32005706572235,0.393460100740928,128.418952867347
809,3.67307380303183,1.96358967244246,1.42741115532665,0.147337591002773,129.060054582886
810,2.66460118538109,2.06502109678911,1.91009557498584,0.1687595477717,128.825104677142
811,2.73356327649287,2.37823294084222,1.43640423573701,0.0675035653955745,126.964673323262
812,3.83596406087957,1.02574900241442,2.00361506613429,0.559090597560303,128.938900037769
813,2.08914883586779,0.322977778273271,2.2579022778233,0.624686882486167,132.731308756217
814,2.91795026539515,0.431154364408049,2.08319517373334,0.988644534608515,131.214201599471
815,2.00115348712762,0.375893323946039,3.77360757711989,1.25069263115192,130.905828337066
816,1.63621776384816,0.461928264652245,3.49259186481486,1.39836755665204,128.87622047847
817,3.37446573588955,1.20454077665658,4.67844265850523,2.68691290298151,127.48204745232
818,2.83433746364649,0.97731743400428,4.72533696023987,1.22382306033024,128.562990705275
819,2.97278102505097,1.20396369472171,3.42520439928937,0.986073600289822,130.448294341753
820,2.75462548915084,0.71288457323881,2.75563216524952,0.380134366555949,132.492031630205
821,2.24639356432956,0.0631223658444054,3.11368829461635,0.860818317005595,133.032242931821
822,2.48654004637795,0.502332607542079,1.70041675140838,0.772049368766047,131.417598120297
823,2.03782470835805,0.722001275280167,1.58380434245874,0.320966937205385,130.834310986841
824,2.09891776836807,0.860879741881702,2.72626986140268,0.0355003005333494,131.569712440579
825,3.0582782138974,0.0556332023710789,3.27690785623188,0.153255307801732,131.316304251369
826,2.16869136520672,0.00454903530410086,1.74377680170489,0.170485716203003,133.875805019601
827,2.40864548664826,0.650926805212853,2.9051464921569,0.580402825497212,132.33062359268
828,2.79945528787856,0.181939518188526,2.81812957723731,0.62024288776432,132.540899254134
829,2.48468908091178,0.529601859025584,2.38362358912697,0.866742295934376,132.29877576076
830,2.41130995595604,0.491484611027609,4.13003159347498,0.839505814528989,130.713160105762
831,2.2179347780915,0.119253139800043,3.61920158014081,0.124499767294612,132.386011965839
832,1.847523335824,0.0607940745248713,2.73655288968438,0.206474149013946,133.308340047329
833,1.98811724804955,0.0455730071245154,1.71993015825013,0.0211525240773498,133.859104203459
834,1.99642073813373,0.00562982892203479,2.47917567655189,0.0221976061792999,134.231192543253
835,3.1614957195891,0.336337240938896,3.2860582694789,1.63457461154068,129.999038924154
836,2.78397972588864,0.210353244870543,3.21027786004579,1.10760694042364,131.829300786186
837,2.38231519499001,0.0379417049022892,2.54160422730108,0.894436452547454,133.1346518048
838,2.04065637510327,0.100786598176905,1.77853998388432,1.28256613958208,130.763450370605
839,2.15972006082073,0.225644677764958,2.10100649845694,0.704404686216909,132.798775471564
840,2.50976070129206,0.288248686010463,2.99186792396377,1.34317855350502,132.080147689596
841,2.12637613883897,0.158536726444691,1.952931079017,0.00585597137933614,134.098157856876
842,2.03092924155395,0.0882399538322162,2.52220681033133,0.359974654415047,133.679652284358
843,2.54308191217213,0.0375354923378982,3.75949005883509,0.496776003736774,131.961301758091
844,2.71496224111639,0.623707305100248,3.49631424331327,2.24127679167444,130.188870631674
845,3.1714448567612,0.567272457229932,3.96105927871713,2.18986706269375,129.134262039837
846,2.91248309657526,0.742345594742227,3.22406696716609,0.393796794754643,131.691728337397
847,2.49216035878296,0.731487271649179,2.17111952171031,0.225739277364548,132.863741573973
848,2.62149143507578,0.149870301572295,2.32008746754759,0.610187355669697,133.046115747614
849,2.92219910041077,0.198208933520945,2.52420306274015,1.00665750721136,131.663901072578
850,2.8484437480355,0.357538144411273,3.08897509593925,0.862860720018542,131.928344000115
851,2.3645571676726,0.57430511150824,2.53759657497765,0.0152647926754893,133.29802947293
852,2.60761353907783,0.087394608276707,2.52780313182626,0.441080469195219,133.385741738945
853,2.03772185701645,0.0346130826159506,1.75394214584758,0.644987424254314,132.590318733454
854,1.98846544498366,0.478665045794236,1.82214485860913,0.352647809182935,131.989789413239
855,3.19494254170801,0.699129906008509,1.28427310111412,0.332982391520996,129.74970860635
856,3.31729718305404,1.30373398754148,4.03861610092062,2.29342398931379,128.348312114782
857,2.84661442962505,0.28521507028458,4.32192580898351,0.0976156142706545,129.577736508327
858,2.38220164454002,0.123381991675467,3.34943101292888,0.682329172288738,132.748580651578
859,2.24264868433989,0.018732279214034,3.24116715711661,1.73750754431987,132.074136336789
860,2.13850162627417,0.0529259535149706,4.14820953641186,2.6955804134008,130.610114636355
861,1.58491885175555,0.0786786505373893,2.77594338711097,0.514693698736485,131.62805127134
862,3.16616600219538,0.657687661948354,2.25061527315813,0.302978686896464,131.940237479994
863,3.16782382674213,0.585119927802943,3.08466610284652,1.25098718479727,130.569989342684
864,2.2381555525685,0.158812186371397,2.27339558879999,1.14743294474152,132.302696805959
865,2.11828627521937,0.102408303770686,3.93621552147282,1.51728540158469,131.565368842444
866,2.57584530625625,0.0193088080867761,3.49134711211372,0.734450888420439,132.344052143869
867,1.85511574610557,0.0572230219982187,3.22371314755201,0.0326362285011856,132.728028566141
868,1.93254132197504,0.427460386392311,3.20271640558932,0.368066675270874,131.689972897695
869,1.70863980338891,0.253425260271802,2.80425635713233,0.0261661582270868,132.030784966035
870,1.72093359571063,0.634483148986178,2.42921769213352,0.215313286573166,130.528653702697
871,3.85613202534332,2.3746617229994,1.61635876363328,0.732222964383241,127.325693341413
872,4.14244377463285,1.5970836694672,2.99771444994907,0.331506933260885,128.338277546298
873,2.52453311445373,0.500570378779967,1.7934291471124,0.0674612651772344,133.28636508175
874,2.02562084559146,0.575401760063012,1.81836100220659,0.21144643332102,132.082550816246
875,2.45092596728766,0.339865598900988,3.74600125872231,0.473973059563719,131.748336414313
876,2.11095636480073,0.0126883469711498,3.85269074996446,1.60645035583603,131.804082591827
877,2.21891789064415,0.10809054160547,3.85782678386703,0.365468884267968,131.911355206647
878,2.04815993816152,0.198879962005451,1.70969366617771,0.920237970339842,131.332737006311
879,2.10794205934032,0.529545536773232,2.31817952607454,0.981795772847653,131.548192321302
880,1.9379492021784,0.166243778245151,3.1159482295458,0.385738678378678,132.693953433941
881,1.96182878225418,0.0417197114776746,3.18059772384562,0.540366338873764,132.94132499018
882,1.78814592438747,0.0594514334212341,1.98281846286645,0.0256078924548967,133.509437712021
883,1.63770448087484,0.185908028217244,1.94794077733267,0.0970083679912931,132.092273580962
884,3.01634848137413,0.427108115154655,3.42265622505798,0.419028524619719,131.269715821004
885,3.05060265435257,0.97722541919214,2.06862925414691,0.966249853933853,130.599032577952
886,3.73693300742218,2.13058086921043,4.48429846383997,2.74872841352003,126.133425738478
887,4.24290067527327,2.82860656990071,2.61765247645674,2.09336877059377,125.089340764254
888,3.33575162687417,1.54847729009847,4.07477406441777,2.55130579642377,127.793086840806
889,3.87239150844328,1.87232954093254,3.97139430126935,2.77578819385337,126.27357948367
890,3.18112420491014,0.722195596256846,4.60383431624841,1.41643981758473,128.486437775632
891,3.09771728326597,1.05443597324973,1.78658452212986,0.531245307248997,130.917830683862
892,3.0034042116412,1.04872654321862,2.57542961025453,0.426537659884029,131.836434577132
893,2.93354387504057,0.931270389442791,2.50682667284309,0.515252320784523,131.970521274244
894,2.10283352217122,0.58851754936325,2.6321851036396,0.984072545798632,131.522487275719
895,2.00511931865862,0.637545978172112,3.1885103367696,0.884117006487991,130.905495401986
896,3.61218425795771,1.31779427450553,5.11530916662249,2.97405235716047,126.206002444444
897,2.13765679612926,0.553844430969358,4.58038624677924,2.73561672105497,129.012097516063
898,2.68208772199514,0.5318253783949,4.79990878844059,2.50282324158176,129.255845575421
899,3.14051949063782,0.958640676154581,2.95741695994094,2.59702104414427,128.118942418547
900,3.13016637958338,1.11640039268307,4.9329803106751,1.97794596811022,127.824072546526
901,2.77681343457067,0.358691480200524,4.35709749412589,1.49873351072323,130.12532450031
902,2.75172837722751,0.341185741215359,2.11704834498032,1.20573415216409,131.204356479801
903,2.65851664240633,0.00718808247073202,3.88750010441119,1.52242287139705,131.259230409384
904,2.60344779387714,0.72533524612391,3.98642179759611,0.615645892235705,130.55282181915
905,2.72274713487605,1.44469985824237,1.51132938878791,0.318929431847241,130.025613899916
906,3.35788969365579,0.694829069905289,1.62345033570752,0.157211721791308,130.860696925534
907,2.93563562701757,0.200107615237866,2.0805972630893,0.108115539073887,132.910352844208
908,2.98160714216166,0.271369737918296,2.01860164972557,0.00104247716865587,132.913679378043
909,1.99496352775839,0.414001200590566,2.04738010565989,1.20553139715524,130.669510555805
910,2.89382254834355,0.345236248492543,2.94277920683805,0.924360233491284,131.84514842281
911,1.80008558556233,0.309308583425769,2.22783729300072,0.805163365780129,131.422727823442
912,2.20149317305496,0.0191576977258766,2.19161256753642,0.768514393765239,133.231908724819
913,2.44596743390543,0.0841969359952267,2.94898137479633,0.946167349844443,132.899879469779
914,2.90942541961537,0.274793604474974,2.82284149468136,0.871058265765784,131.92241013269
915,2.04502170615583,0.416509186762671,2.72478707063647,0.321615185337629,132.701101892692
916,2.23973447917027,0.122006542106413,2.65818195076398,0.864557284808586,133.120684496681
917,2.18940363984967,0.315888856232081,2.32419783150403,0.754118819289093,132.735467953302
918,2.23956452805726,0.0858351050147703,2.29298742898096,0.675318758256138,133.376313923056
919,1.92776424682784,0.21329716929983,1.45360249436224,0.523849938934873,131.218990031715
920,2.50903870617858,1.00910794801747,2.58654013247861,0.00169476228319688,132.338179554062
921,3.05313269072032,0.341809995003213,2.24602731776271,0.00734893275132517,132.709085375883
922,2.40908157788012,0.129006565881518,2.44364123897018,0.0331358777277523,134.160047916438
923,2.48788288797038,0.085415491250552,1.99441866071846,0.0871802641707014,134.039135858109
924,2.37771862808853,0.0595460258566218,1.92598844710846,1.09769599302545,131.89706001193
925,2.86503741267408,1.11808060155127,2.6314454254664,1.82177098613404,129.527949161416
926,2.62874176996457,0.712818468142041,3.39511398595108,0.76117022025955,131.60008157234
927,2.41417412428747,0.313538077027853,2.13223811040698,0.649203402880251,132.880396837819
928,2.5410171278314,0.563182944271688,2.14754723810664,0.116975802990369,133.368801526952
929,3.2054729395979,1.37516351103738,2.51610122042992,0.583100262902557,130.987258492269
930,3.20186679479329,1.48111207633406,2.06293926227654,1.16405710543067,129.30720863441
931,2.67192407008534,1.60448273967403,2.97656124701005,1.09216949760493,129.455423906009
932,2.80045122140147,0.466596278691498,2.497944644061,1.33701191052502,131.273012651521
933,2.1490436393562,0.557619226574533,3.85500124763301,1.05267845528347,130.692778836089
934,2.36125501887883,0.715415113195112,2.2669179584797,0.884417282233587,131.66888419856
935,3.42113940058915,0.888700810779286,2.44256598520347,0.703719950031203,130.562578921859
936,2.09338374432353,0.766641548107327,2.51348457702626,0.575041292536538,131.459498979513
937,2.32557104399658,0.71398050267983,2.60175689300626,0.119243692503907,132.741434502287
938,2.3227856335469,0.129712194173301,2.76393732042845,0.740471468498425,133.247909358749
939,2.46705911688421,0.794480627506821,1.6082809814961,0.430493946112549,131.433409747122
940,3.11666991717027,0.486108301001036,3.0809713627192,0.485544907011003,131.431154560226
941,2.18515959994264,0.409886262040535,2.90600316987665,0.799887184965618,132.430560267653
942,2.56671583020893,0.459083712689473,2.83677015006683,1.02661257801213,132.238938852393
943,2.5589362067484,0.120920179920633,2.5582370172533,1.13032088517124,132.421897594636
944,2.74859706218621,0.060743516114626,2.96993288351108,1.61402030291472,131.379372114026
945,2.56713984540768,0.246634151232351,3.11789236721288,0.933742004113158,132.47444664145
946,2.37511911322237,0.0766836054956895,2.90694086235442,1.26947528088778,132.581943169415
947,2.8917371360361,0.186638102789951,3.50435104704511,1.55268868983437,130.898459751561
948,2.87881703485287,0.415955645766086,3.53134802937868,2.44779082292347,129.777733652556
949,2.32218211076354,0.0700898666658813,4.46660718936774,0.828138738729942,130.696174059673
950,2.15431402607873,0.0887709443214436,3.93848239778369,2.11354839833569,131.224739294831
951,2.13469336809677,0.0185569436323483,3.54121878676851,2.31117459403642,131.251358432173
952,1.89759005262398,0.0584929984031585,4.37131589891591,2.31562416911727,130.330578693364
953,2.39494472296221,0.715001544030487,4.09197843906921,0.764499008980991,130.263324533806
954,2.50593326706842,0.715332491349229,2.53187694439264,1.03666782062503,131.722827069142
955,2.52326673229223,0.222633958665067,2.78694397699405,2.30573262980447,130.247185790108
956,2.19008155058445,0.0218123573185334,4.57994749030637,0.433454795168264,130.259665582789
957,2.38197005218536,0.0433232792049346,4.60030777660427,0.92642044398971,130.411817840543
958,2.17720483667208,0.194480563254635,3.63766997675902,1.16378021175547,131.972754815505
959,2.51891750742917,0.412843286513855,1.69455078779127,1.33652634287212,129.899439347446
960,2.14984025833606,0.308073557920512,2.95082877047856,1.00257289688296,132.389681492227
961,3.71402560074477,0.9908945636816,2.1336125895542,1.72808048324118,126.872528394354
962,2.15170708450903,0.630824167409433,3.91407459213757,0.483451603653086,130.371744680806
963,2.55012620184315,0.13186164383698,3.52019886166359,0.650233261794211,132.294177643987
964,2.24766227521754,0.0259370952013907,2.06385162279012,0.64129566698269,133.328022064838
965,1.73049914686043,0.0219118763867312,2.06898772776187,0.2160108451734,133.120898951581
966,2.65080659975322,1.0111856869987,3.06793031415781,0.454628116960573,131.603320338767
967,2.91250863524425,0.41423883396589,3.10329561798417,1.58785953000619,130.901586496346
968,2.11083802155015,0.243518198194047,2.75793434324103,1.64808994927981,131.484556412848
969,2.3021475649657,0.0814500892819419,2.57040334865365,1.7696491971602,131.500661253408
970,2.48620205769498,0.516282464793213,2.51484137492813,1.49817364789887,131.231463767511
971,3.47202596064171,0.625940031134468,3.46218104824792,2.02525892949367,128.399146252401
972,2.51011914226385,0.0398426877046463,3.77301799761446,1.45090957692974,131.737582287484
973,2.49757591538593,0.0928664677518533,3.96933363001006,2.55197881583349,130.615010709934
974,3.53691423162056,1.85545039851282,4.02506029139931,2.57992701201393,127.139312414654
975,3.14322473512808,0.0778988551203336,3.97869796790811,2.54745495748302,128.622857462153
976,1.8591216760702,0.291238111717331,2.87082624866699,1.08384572975359,131.545279021414
977,2.69554989657288,1.05848713550736,3.48719654138189,0.833955180440193,130.760079358839
978,3.08908267751216,0.987983288885909,3.18815252089817,0.227091222735261,131.283635216749
979,2.75494939542572,0.963965250679153,2.64091961741472,0.137131986215703,132.412442571982
980,3.0036239663391,0.564542741039397,3.06228351294526,0.894771988913199,131.445398011781
981,3.0211096525523,0.682034274976047,3.47843685551616,1.3693204428332,130.603728668838
982,3.48552983921919,1.71964151811727,3.46576629056051,0.207875000686577,129.397541190533
983,2.55056449552527,0.264279861551686,3.25114272756154,0.556395898089744,132.604020948461
984,2.44641921721596,0.266381637062908,3.05683442355762,1.00168741822229,132.548001711652
985,1.77846866756398,0.027079345072186,3.29442683972005,0.0124266404035778,132.413311106418
986,1.81173168909924,0.191681227068055,1.38210202135364,0.0355126167532704,131.976315929592
987,3.2760326883789,0.971807183121037,2.07255656325198,0.137605665184235,131.76639263315
988,3.2820326636198,1.43843860640652,3.27074715842204,0.170835770038258,130.386958699904
989,2.77571529727863,0.705953440233332,1.80974753926798,0.048567425811143,132.85870827314
990,2.31159070791399,0.00872410848175811,2.69931082160252,0.126560750499353,134.102784228109
991,2.73362839289496,0.0928952439777775,1.93233054946097,0.0235242999942408,133.582242334405
992,2.48637925497049,0.651024093518965,2.17432127589947,0.77422118397209,132.051134847833
993,2.67051224301582,0.0931042177140496,3.30258223089714,0.173579620185541,132.569517292815
994,2.57346880485295,0.263397145065778,2.31007408119747,0.375228556952713,133.399543619843
995,2.18974038170452,0.0153112806325796,2.82899083830177,0.0104273808732724,134.048085956965
996,2.39311299784982,0.235425783990984,1.82324659461681,0.734734918309327,132.309674785836
997,2.2225883571675,0.417937816390506,3.80574402739438,1.01226894416696,131.314044781712
998,2.0147402038915,0.27369263484677,2.21572493138818,0.953630651068536,132.027435335729
999,2.31674337749035,0.664878407072198,2.07295555001271,0.232703776810978,132.778200373699
1000,1.92118011556697,0.474242355853859,1.96996071084138,0.456702201106701,131.745231102403
