"i","lambda.1","mu.1","lambda.2","mu.2","p"
1,4.321898982342,0.160641573682822,2.31448930591568,0.0864807332580411,127.679284458826
2,2.88420266539942,0.37925513416725,2.21205883693815,0.295129251012795,134.426170397438
3,2.06188290646944,0.657987491024502,2.99140484721604,1.1089191613991,132.04663081322
4,2.41612751173995,0.0468918851461801,3.89961818003324,0.668096433109082,133.238775967735
5,1.94651286956737,0.310527568140284,2.20255354893382,0.242001764923151,134.103047201646
6,2.98000107509894,0.198932138149501,1.66896381630226,0.511539653129677,133.04625418489
7,2.02306617509442,0.0223891541093009,3.45069276613361,0.867598497407366,133.709331409542
8,1.69832682695416,0.00757297979584429,2.0357442083872,0.435749493455437,133.575901916172
9,1.98646376151788,0.00359751343172205,2.43463258463686,0.92127397188984,134.111477857781
10,2.85324264614789,0.401603924895591,2.83650061328339,1.36715434949933,132.906233615722
11,2.84363751525716,0.401616667889164,2.70070630780474,0.676041001669376,133.916012428259
12,2.29976109797711,0.486955692707322,2.81863905426784,0.767453051899804,133.723450317684
13,2.74795036321129,0.0376918110347164,2.16374788280742,0.283331105569472,134.891290068384
14,2.35112455429356,0.34559420338485,3.61871795201689,1.47886266862609,132.83838141996
15,2.38967371765983,0.615204329272287,3.11531251444847,0.384426631503413,133.592104005266
16,3.23458562398127,0.374963616385916,2.91836956066143,0.118259398271268,133.213488595901
17,2.0276099139161,0.0522549688573921,2.56375543977076,0.672228532929189,134.511008717713
18,1.88624310545115,0.0467735832767601,2.80682883262473,0.0898577035605087,134.574012139398
19,2.25161222864903,0.0669789948423064,1.58288949195285,0.273089835006079,134.52060946185
20,2.05012724864144,0.361653676995933,1.77095403524339,0.113771460757416,134.178896648464
21,2.90057932532091,0.305134575402538,2.36366812439012,0.124327340981668,134.675254964133
22,2.2652245634113,0.000819620035036663,2.40671527678912,0.0341391678270266,135.797903001475
23,2.53820884519216,0.0893519000742143,3.67785719356868,1.17781990768706,133.340020281422
24,2.36466705568439,0.00445134222177636,3.80959866788448,0.975416752988069,133.455372844038
25,2.18636775464138,0.288738431909693,3.98522339920935,2.11694896404156,131.923332444513
26,2.18967492195971,0.193526685250824,2.88370827868622,0.626258932150591,134.38188452905
27,2.77101285856247,0.361045419727607,3.26556663776099,1.15734423223423,133.215918641116
28,1.89632920054154,0.386416965111006,3.01741067728961,0.809580217065769,132.63283010659
29,2.32922489497455,0.369757858201927,2.28884586840555,0.670822226627081,134.163623809714
30,2.96935299751852,0.571048839613768,2.86785105618458,1.19010419632499,132.841573428434
31,2.48728386016125,0.0728390053652124,4.14575324461113,0.836095045102814,132.652705681748
32,1.73512067576594,0.111452566214251,3.29739900080951,0.819937423881583,132.569066652723
33,2.05909493048841,0.302772216653363,2.95233483392636,0.0672454334345321,134.15929252076
34,2.34435347488823,0.0887596296018471,1.65424796686349,0.133817587510044,135.025389378189
35,2.36976517761492,0.127301717469845,2.78873960760608,0.00727157223228318,135.259889462335
36,2.47231697053091,0.0841161769055691,2.96504090795005,0.994158860252542,134.216625670657
37,2.10019632648757,0.0485619389219816,3.05553347907178,3.41942148991964,129.444030666912
38,2.87075329704422,1.36780229908571,6.40044656553004,2.0044233455808,125.395544364418
39,2.77555061042693,1.35560366104984,6.04174914594453,0.378199856276624,124.152491568682
40,3.0803437436258,1.27087665271645,3.47500061131984,1.13009695365394,131.600371128157
41,3.1537259331803,0.0121225489366196,3.75730081107859,0.614063512769072,131.737569669343
42,2.56155286900088,0.854604640328158,4.16319941279221,1.1281842591999,131.254432150692
43,2.04324453098061,0.949767665614384,4.54068778575024,2.50769793064017,128.406646840975
44,2.95426112738159,1.44782716497087,3.04578158617482,2.30331880358529,129.722863635744
45,3.06913111051693,0.779935851868686,3.13930290554901,1.15714955302591,132.460658175764
46,2.76210586798843,0.195931495948774,2.15025476130524,0.229072140365493,134.867443263935
47,2.3501365347036,0.614825533136787,2.25839754709745,0.190843386690841,134.381319557447
48,2.0960660700668,0.210811576643906,2.30914304882195,0.117482936600923,135.05267671679
49,1.79675443352901,0.205961802428119,2.12921094349168,1.00753801975966,132.258599927785
50,2.69974042085287,0.492345532961574,1.57172050089952,0.159613860465614,134.030695087026
51,2.44144661279958,0.902057698359653,2.95375999676864,0.0177498759693509,133.355283650211
52,2.42420753873958,0.539708579227543,1.73510547426628,0.180844059082342,134.239765272609
53,2.07575560333235,0.748966353673679,2.30493040230939,0.0894762824246735,133.291855581843
54,3.27893608758814,1.05338609884649,2.10784070366287,0.242318700266175,133.257961690509
55,3.23068524563114,1.17204951195591,2.16499864753579,1.20395561767289,131.332997207304
56,3.88559964334935,1.39785331448124,2.49723419623497,0.652255667252325,131.051526795242
57,3.79936081721897,1.18838028816841,4.06653344814048,2.11906239522171,128.883152294263
58,3.02355859527218,1.01671843762066,3.83328450853846,2.56749118813731,130.349071655128
59,2.81949964979918,1.6229900511581,4.78750804823985,1.09977760288253,128.194740068721
60,3.80833270480039,1.30389031003692,3.62794624529664,2.08557256115419,129.174765508285
61,2.68578117270622,1.21336903250001,3.30494289932791,1.63535362619804,131.190310481829
62,3.2784793492212,0.207347276566924,3.93307785199108,1.35445184918653,130.904654683213
63,1.62936034474887,0.2103956183819,2.46319955524258,0.962860493406936,131.655076302766
64,2.0959143209939,0.307516224332736,3.04195394876797,0.831464454404649,133.572756522329
65,2.34749202481955,0.0735057286230764,1.56631653643321,0.12814183318287,134.861438058209
66,2.3978832342187,0.0643620074804691,1.72102942376917,0.531912387843621,134.230589033189
67,2.86672467181998,0.86233607516933,2.64964801573169,0.679237908649369,133.387244268254
68,2.19965459752107,0.654787585520783,2.85358979613536,1.80835257306465,131.430415456808
69,2.84300102077367,0.45800116778301,3.73522639838914,3.25697929633291,130.035856982525
70,2.51299589794987,0.72869224173494,4.49046044702623,0.661846654094901,130.637182898665
71,2.72263278436943,0.122816343871061,4.68242965571191,1.48433341570022,131.252876760831
72,2.25717485926157,0.227584832485935,2.30444536279428,1.41844203301518,132.882957282778
73,2.69097833785318,0.684417232082137,3.27618937510292,0.749117809480213,133.188099588545
74,2.4818532131097,0.0682617902162408,3.43377387403159,1.19134192131212,133.692206202555
75,2.03944826594913,0.0958406297133965,3.44268947359443,0.641929701204576,133.670665082882
76,2.12803262600213,0.151254224065722,2.81655889238723,1.01912831949675,133.949488585321
77,2.34047357814924,0.00257274954114654,2.43830378686004,1.18670408792227,133.995536678274
78,2.15467088806928,0.0107431435701574,3.11794695322857,1.08713789128039,134.110034508852
79,2.23010354601604,0.183909719218653,2.51380067460703,1.5312311312297,132.985983778538
80,2.26216880185149,0.0921701835788273,2.89068447027014,0.0783402177419502,135.105804605223
81,2.65970960283838,0.0461441606539342,2.34130814500697,0.567065615478216,134.665474429295
82,2.27691641620768,0.0787999294631714,2.48436935100716,0.769640509390244,134.629858570251
83,2.83960300525725,0.0768267531166022,2.90165393056272,0.767695713626005,133.873288675818
84,1.83621099835896,0.00788525310828735,2.94760502854029,0.0450458733058504,134.341803027346
85,2.91993502901165,0.654525462245749,1.46329341321173,0.305299097604779,132.886587328676
86,2.95678164342094,0.04387067432461,3.32625529461695,0.592887370862456,133.216451997834
87,2.99068602441113,0.368717968166641,3.27955230618245,0.510339188390856,133.206577246531
88,2.90617657997714,0.748992705974378,2.25955151027674,0.455629665309493,133.816492672506
89,2.45336176642308,0.285238869201225,1.67084042975706,0.378618959564858,134.140696056144
90,2.28984252744258,0.330697700984372,1.59847285238171,0.240228529429619,134.128776639528
91,2.65219591596917,0.634421557127997,3.4483259013886,0.312210568934414,133.184086664123
92,2.88313541125682,0.997689647193749,1.48396376716088,0.375710062933674,132.337344718687
93,3.32278673405965,0.906822236095704,1.36478029742091,0.513243308268397,130.926782834723
94,2.94942002670203,1.08530405926605,3.78306254490839,0.879089151359977,131.632554560784
95,3.17664809224622,0.659828006670861,2.54867157631203,0.855777736806479,132.819985349121
96,2.57926433061537,0.0149367074450927,2.84821491079308,1.01099824205431,134.184147685527
97,1.87919898602056,0.0471708041549384,3.84632560116711,1.21235019783665,132.500599013156
98,2.64507030900219,0.476810739468301,3.43761089638137,1.66827216063131,132.583579110437
99,2.51883160053041,0.0308045322648842,2.7051379374096,0.979898156183343,134.310534707227
100,2.00684293571094,0.0940706306937017,2.3755544164162,0.333721314705981,134.844287420865
101,2.452534555992,0.124401810313307,2.76180583891116,0.281011287417276,135.057173412096
102,2.1124153942213,0.222740399555075,1.86526147774283,0.38698261400732,134.296879881455
103,3.01776108807126,1.39312480645373,1.71808826618546,0.112601279433676,132.864385337612
104,3.02025092518436,0.342846414963584,2.99077642275022,0.752179603986759,133.294402633256
105,2.7565574199538,0.531960003569479,3.07703690322211,0.0607652222377624,134.01604939887
106,2.87315321874855,0.948561753871642,3.60196522283494,0.0535856775114001,132.280686813623
107,3.02513603268145,1.49219621881154,2.80010588247125,0.580533058908509,132.274485006163
108,3.1072554608535,0.810929872642954,2.51792542779761,0.225158866452242,133.764201255027
109,2.93917089897846,0.953620565662991,2.33405222436709,0.0338526232471612,134.140872970338
110,2.79569099560877,0.0975603704916714,1.77506084532311,0.188742265289434,134.556789396688
111,2.01764409804788,0.205284957437067,1.86590348058024,1.0222992143727,132.563301056637
112,2.46196484767652,0.602836607824937,2.15659739871934,1.05581438993216,132.854676699343
113,2.43177885515192,0.764410008208484,2.51545394512854,0.772494625601072,133.265120106645
114,2.79357566045404,0.74775850892548,3.2823972699687,0.401367595566276,133.221576260119
115,2.78808954050413,0.891640465514835,2.5707509681892,0.683061418263757,133.374915688534
116,2.8189396888503,0.314459551307733,2.80403898747355,0.0336156316641168,134.557174449506
117,1.73188556606013,0.0492790990790029,2.19526890452646,0.129119509027447,134.228618637038
118,2.61900263837346,0.682233802278688,1.07466544778666,0.288909983943737,131.192854396711
119,2.39263482470338,0.401933720979898,3.29047254688912,0.633002014131678,133.696240256473
120,2.51781663014727,0.439475039562787,3.64309226156629,2.49782634957292,131.566028712003
121,2.9272382531443,0.435068869155925,5.34724297654483,1.58537732058681,129.177012007523
122,3.17287971930328,0.176014364897874,2.01793243571985,1.45138501818561,130.80408988569
123,1.77439652343872,0.0508262189364019,2.35728825457049,2.0240747474861,130.650970362842
124,2.42079055245454,0.303347047355925,3.67017282748417,1.30605807099398,133.023373695199
125,2.47853843837632,0.271464378264562,3.40264360860016,0.740478057164955,133.740365759933
126,3.10098375442743,0.228373075596941,1.88755417996075,0.0315406819136435,134.142696109422
127,2.2834572583422,0.451506469628221,3.87282335516174,0.603810752646359,132.442147649024
128,1.98611390119078,0.175750732463968,1.31149302601532,0.347186425042851,132.60009356838
129,2.7233970110488,0.439621903358361,2.80223811553758,0.758864154677168,133.910113025726
130,2.64269858395123,0.721763767047743,3.37388021091743,0.643011551045144,133.048758376135
131,2.64477057703879,0.875231075722374,2.45969424564379,0.339363591298977,133.86288698575
132,2.93574258989611,0.144358075248521,0.939608478189564,0.0075332027071796,131.289892668075
133,2.35233447646195,0.307789157197511,2.55188928361805,0.641646167206322,134.428475459748
134,2.48579906002585,0.124244204982758,2.37370574769637,0.0757077738517564,135.526618419692
135,2.26988921768952,0.232457596845384,3.15337018105732,0.122335888599787,134.39144929014
136,2.43852722182753,0.409992469697457,1.89578395800944,0.139472885133205,134.836568616362
137,2.38344743180383,0.236997192566144,2.6773561503076,0.140589407167535,135.094820241175
138,2.32928892879903,0.0314962675566016,2.38830817118065,0.155895641572148,135.613194077027
139,2.22279380995443,1.58798225890299,1.63129436464299,0.165900704761602,129.723226952351
140,3.6428346426838,0.644568367188795,1.99577967776509,0.99165846841136,130.398981455293
141,1.79360551695082,0.14029876028448,2.96288208473135,0.838838883164657,133.055741194096
142,3.12455777190881,1.00144082055977,2.90981111432063,0.734087805402649,132.7665462357
143,3.15047781211599,0.191656378942282,2.48885799385666,0.00873122229432166,134.004256082687
144,2.83144281592212,0.772006900210013,2.86259213873778,0.0237895920767745,133.990991035219
145,2.56522784908787,0.20552186175719,3.5412814425737,0.395939044601765,133.65779837113
146,2.25297991245995,0.127860242581689,3.16333619473637,0.33850539423064,134.488087066334
147,2.13827375879192,0.00275717311787167,3.20572961613368,1.13396116035252,134.002000264375
148,2.00785302832454,0.0194116588747674,2.99000582220316,1.45541118607834,133.41059084452
149,2.66151898130042,0.0341798947843815,3.19302746640762,1.17853437147076,133.679047943318
150,1.93418512256945,0.525033963804447,3.78220626681979,1.30440236411404,131.112267569308
151,2.90203150045105,0.931612211966008,2.10021317924237,1.1010532634143,132.097419980569
152,2.72204604031405,1.00195144118374,2.27854701474936,0.926923348926628,132.597998627197
153,2.51610434831133,1.06874872332845,2.70578039658576,0.530489863312205,132.871608314712
154,2.95154026392352,0.417488241329655,2.87505413803026,1.62064441707592,132.291718507799
155,2.58007694111959,0.087352010720106,3.88611153560601,0.697098771067601,133.064875662462
156,2.44588739602793,0.373438641861577,1.51305321984414,0.279000182453753,133.812000586127
157,2.28093729601202,0.28236837042673,2.01793400322264,0.352600837484279,134.68856762683
158,2.22621828093421,0.666207892996342,4.07438789794147,0.760259407596499,131.303458710589
159,3.21472998613663,0.355979660303571,3.2804415543481,0.00416647386420782,132.693325240816
160,2.64820693971071,0.31932023392902,2.27905765740437,0.236166760748406,134.94504457954
161,1.74259474680961,0.0756548570263472,2.02503639257,0.0725565221164729,134.224628891214
162,3.04360442948457,0.414486943017164,2.30279842555932,0.172121069365111,134.237152662698
163,2.82339342779198,0.630943438283779,2.53598930586052,1.32955674216349,132.637367182455
164,2.96989359011605,0.403560623568145,2.81961793737782,0.892606603797067,133.342042186674
165,2.44243940153951,0.296672936110009,5.4718259898861,1.32469722686094,129.315916080046
166,2.421279477054,0.167622275930979,2.32126767428284,1.08931458655947,133.804813694126
167,2.24987399969774,0.180459330268206,2.23680971561405,0.814562686526395,134.18269323605
168,2.05653322612225,0.218720171219387,2.83601229812646,0.500635578388544,134.208610536907
169,2.07213372005803,0.866462540198269,1.8857863827721,0.17399896098282,132.500347233571
170,2.8927033509116,0.909930831117049,2.10759011725803,0.126398654606154,134.104323603205
171,2.43097240041862,0.433282183832316,2.5944659248025,1.70729602801456,132.35237332409
172,2.318035704358,0.159429672165247,2.33070280542311,0.671039653814169,134.606704017081
173,2.67601974320507,0.12083970673618,2.6355163451844,0.391409846454514,134.788252730783
174,2.05216110186636,0.0779299655226923,1.9651293843503,0.668165964923298,134.079867342727
175,2.71765497854756,0.201658135871355,2.06129802237122,0.703881073395801,133.965019495966
176,2.13935614402749,0.170707331867814,2.76930518069391,0.619636075138253,134.437497941623
177,2.17329950311332,0.188305320384263,2.72906195259895,0.541443831649721,134.562419458049
178,2.7600701192243,0.00435812858290859,2.87687225236479,0.533322243483953,134.349976182469
179,1.93917268115681,0.000918804527583525,3.23300852363682,1.25839187780252,133.458415186059
180,2.63895733128091,0.808077590271619,3.29282234592261,0.712605211036182,132.953374077844
181,3.41498203721431,0.650864854372694,2.84599592817751,0.39900095927533,132.556873615863
182,3.16644928983733,0.166070500306787,2.08172241528778,0.274386870223828,133.59465289444
183,2.19074892001955,0.526319123282363,1.99012446913274,0.685943418797296,133.163978213631
184,2.4051148041137,0.761289250341088,3.33455262342233,0.552601723350602,132.834270351273
185,2.3244602154978,0.694469101099259,1.64040896923527,0.582365040351878,132.48025765645
186,2.4197584166303,0.370141841772327,2.86461056236032,0.349422103586517,134.490051154872
187,2.34214983647119,0.554412912690974,1.98059250897253,0.317123468629563,134.159812915411
188,2.38675892797305,0.00574679527885016,2.78909987067579,0.123728098093112,135.355304045105
189,2.18182693710508,0.0308011972180962,2.30124866391022,0.253162978406922,135.427274323354
190,2.49920014576127,0.0905666767396072,1.87268676491115,0.0276239955879018,135.515980941353
191,2.24894685220579,0.321348071039545,2.44530176568691,0.869548857371806,133.909975621946
192,1.75993148919127,0.512077162085644,3.41618131192765,0.18152472329311,131.120984593036
193,1.85360706649516,0.140901443327313,2.11127471763964,0.165911928818575,134.396806384467
194,1.84701626209797,0.0605687322742577,3.11940380198569,0.801289051531443,133.481093956355
195,2.17711160417598,0.181402839951247,2.51603733721098,1.35459793013737,133.285556081096
196,2.31442935745297,0.357895219250037,3.22010841913869,0.880924312130134,133.637582601492
197,1.87281289488154,0.258310753792592,2.16254521010011,0.267762083756471,133.920184838126
198,3.05464461949399,1.54981716225079,1.84676438285989,0.737693969414867,131.325010970148
199,3.03970180938455,0.990000830457823,2.64276614563465,0.341450182322435,133.480894050027
200,2.74483290608905,1.03313536707138,2.82619588781272,0.0694832514687837,133.553662117935
201,3.17207242974454,0.589821601821668,3.1325160351395,0.222255859235789,133.041645691527
202,3.39240058299209,1.60421409403211,2.28352794639753,0.126125585383006,132.743390970856
203,3.80945963273054,0.822749139655997,2.07804474523043,0.94011580390968,130.127325993235
204,2.85149240350175,0.512188659837289,2.74971103814496,0.348258455470305,134.146744979469
205,2.64851906604139,1.45948658258434,2.77116582516972,0.461873964673178,132.001486562886
206,2.51945379420028,0.407137935697737,1.25125631150098,0.508192525510131,131.983346435618
207,2.75290169160803,0.852941819627178,2.91538260926415,0.617254121513537,133.367269601996
208,2.55066000359685,0.728237893228201,1.64796291668484,0.0853871725592522,133.983869951607
209,2.23436610296838,0.185791293967014,1.9187266932735,0.0145889908445483,135.403280386603
210,3.25487653870008,0.080597193077298,2.30896636887426,0.0895930085763391,133.521687857611
211,2.71514032484957,0.448536951491941,2.04552111001276,0.322925419555321,134.47982197884
212,2.32050304798987,0.233512658054624,3.13883371253229,1.16796227512657,133.698614633343
213,2.45195280967226,0.0582131549851465,3.09000276711361,0.625859424482074,134.522052014535
214,2.40997955677993,0.0644807488788432,1.83701869449203,0.311202986364339,134.978558202633
215,2.89293929284744,0.588052683543068,1.36720752607839,0.0656195741464348,133.32319802102
216,1.83410526723762,0.276685253647594,2.4557298398224,0.200413409064165,133.758385316021
217,2.88957445073221,0.0353893655371653,2.85543892865592,0.50206414341083,134.041299393882
218,2.94138665036765,0.381248696328204,1.71698868051157,0.0382590199405183,134.339921926104
219,1.87903559278285,0.157412346917693,3.36048755244332,0.0362516940262285,133.270721504824
220,2.09399213929926,0.142856539917249,3.31935605126511,1.9059402088007,132.629741012879
221,2.21967768260341,0.204727074695825,3.47740623604447,2.42947658449801,131.919388459316
222,2.6654565059593,0.657365379183585,3.1397309436965,0.0639006432832893,133.775003890267
223,2.98560578270854,1.20026095153034,3.76940481183885,1.17030943801832,131.355143594253
224,3.50296444397842,1.65542602159229,3.24941472235506,0.803061190861104,131.178788698567
225,3.7384663820912,0.339403183521478,2.39615656579769,0.997028701838586,130.122225876008
226,2.2026051028894,0.530706595984825,2.10575965591324,0.522551597650982,133.666373905026
227,3.22818153112783,1.47769215094039,2.76328622077305,1.50224402135486,130.971940819513
228,2.89517275461818,0.78859784580107,3.92320964974126,1.12245473963286,131.807952384189
229,2.08451979296336,0.326597770647614,2.62907284073144,1.2584676352604,132.967126926467
230,2.31096498392013,0.332152793198518,3.80754297557052,1.86815249909876,132.347199710065
231,2.57285779583876,0.45162448450559,3.42001587530401,0.529425741785713,133.495487486851
232,2.79890342508761,0.307009942975149,1.89559195844769,0.524853851797236,133.888689547448
233,3.10768548209903,0.254426776697636,3.59434917155165,0.675366807351709,132.304834345536
234,2.42253274484391,0.148951316227306,2.01767750630512,0.0159424802791986,135.608244965475
235,2.61702589125651,0.361510856056241,2.31057100403984,0.142990075431756,135.052441589837
236,2.19457673350347,0.330885217112732,2.2827896758206,0.335876922680064,134.621023020603
237,1.74605533375262,0.0864079682885701,2.55266192659741,0.511022662161445,133.591806237963
238,1.80786309793193,0.117328205055071,2.25754196771632,0.0416754517483223,134.481711838974
239,2.18589209951421,0.111238659491533,2.20797542860073,0.715528006930635,134.429155263571
240,2.53280872219078,0.227609490163814,2.96723294800727,0.0708498225744965,134.762210608752
241,2.50923088045194,0.418762073339101,3.31845445812013,0.040072858509319,133.857609002123
242,2.44558165525906,1.01729379139203,1.94992196377221,0.143311707390355,133.385973939307
243,2.45588432860837,0.756628929128152,2.11150231977028,0.0754171005686691,134.339033969545
244,3.12684865886879,0.314773326531083,1.47006341456854,1.55061699261586,128.574955654567
245,1.86672666360863,0.119953577919658,2.48772047850332,0.171644788014903,134.478178768353
246,2.07472277357508,0.567523418509179,2.14618684684767,0.109656088366606,133.910395841738
247,2.46166163213755,0.870615822262942,2.50360024665129,0.236448891644246,133.7737004651
248,2.54204260714034,0.830932120453297,2.33331422409293,0.381743840888673,133.825861240246
249,2.88450876423695,0.0380321643964394,2.37510710260842,0.312719768818363,134.51864323725
250,1.94412222307829,0.216996053378228,2.31168893018946,0.659854734952984,133.745718263328
251,3.03804458877345,0.226328257410958,3.15548004100399,0.00684644322225508,133.486113244405
252,2.0301992626752,0.652203478380725,1.90003896293375,0.147740584482344,133.205121282985
253,2.91782713202611,1.18285897417064,2.74090806759248,0.376333341384173,133.133557717342
254,2.91979871976025,0.0892887180490533,2.6373794194803,0.0461611447450641,134.571899736574
255,2.98305759974393,0.672246970473032,2.72198982532777,0.391288018747855,133.777382736362
256,3.69356240443132,0.432592372116781,2.35399180061718,0.0187189671721931,131.991733644972
257,1.58650570596423,0.479943335577906,2.04978217288463,0.0925177108432234,131.335538583551
258,2.30669712493015,0.114678579834511,2.10008542339824,0.776759829774064,134.272870597517
259,2.1339045126288,0.115124510965347,3.43251357067542,0.701377871724039,133.798790504035
260,2.22459340769946,0.42599458915525,2.92801141439483,0.967597647289937,133.460155602653
261,1.92306342737685,0.340430539423175,2.90382865875137,0.565640862459255,133.245214304852
262,2.71511260171357,0.335732761407902,2.12779463335686,0.44397202781019,134.441557671101
263,2.89277686375604,0.419864605216481,2.56560498425752,0.161695826373486,134.480223767604
264,2.94206828426309,0.481734149257672,3.11719573082923,1.23858846459775,132.82753863359
265,3.17373604595676,0.294316175818731,3.51876156050092,0.104408144374762,132.306995418315
266,2.35350837613787,0.197577194682919,1.61332874004071,0.0875253248293205,134.859924889701
267,2.7368574357894,0.507589548875582,1.6887235059504,0.0811743427270864,134.422464899279
268,2.22521652337982,0.110790941696671,1.6209069479524,0.133308934544151,134.856205516686
269,2.11497804407021,0.375167033426117,3.29147028690678,0.58919793824768,133.32797691395
270,2.52321715913892,0.696924818569597,2.19759141670107,0.338639760196995,134.150421327751
271,2.81180218669588,0.557288568505173,3.35281938719394,0.703386474882233,133.205854724205
272,2.51135271341187,0.983890127489297,2.94906211307971,0.761450261848612,132.699588827225
273,2.25354959741383,0.42427966106017,2.61899443137736,0.523896638996885,134.185077415285
274,2.02410805703901,0.708086540245489,1.66948133761335,0.383282302850586,132.038398530878
275,2.91762254764149,0.138680689834945,3.74486400067813,0.949230535330642,132.548472467243
276,2.82600900704896,0.420582184553069,2.74275737685831,0.73244975259266,133.845485155631
277,2.06034021965465,0.345634285414936,2.30165164326409,0.466283432804004,134.049031775565
278,2.83627708642803,0.497475057332204,2.49091608901601,0.295403894061978,134.403178911075
279,2.29042345795399,0.498844589730474,2.56125414182742,0.174983403608994,134.494447937789
280,2.90931595427423,1.40684890713932,2.29450159655214,0.187624870281891,133.086003197381
281,2.99111584196714,1.58871454849219,2.09936892780616,0.348034977497442,132.39544907773
282,3.39174933784029,0.921312277102919,2.04360297393971,0.361609424685605,132.794962500769
283,2.64845228744426,0.658623728776183,2.81265312675796,0.450647163632074,133.96124198909
284,2.36649741788256,0.349138605365769,2.8688999977775,0.678966960530195,134.186716420969
285,2.68697136642883,0.0325387249884383,2.58125620522282,0.293860879569699,134.965755777074
286,2.03376975518995,0.00497342155442055,2.73208840428778,0.605592848625745,134.684828794804
287,2.84393353915853,0.0395146874665541,3.32210759216858,1.75231686991651,132.52565547128
288,2.09209196135633,0.433599472812072,3.06550235747068,0.35672359618056,133.531487461508
289,2.73754803231072,0.387415951259687,1.95463678075104,0.29679670419379,134.483536103218
290,2.95761317750034,1.16240644673676,2.44856882571828,0.443039170237604,133.222430528644
291,3.43871374623717,1.99488219349904,1.74971629334065,0.164128142901081,131.627519647744
292,3.3707024998239,0.423581889496749,2.85981369722232,0.246725075259571,132.728745874618
293,2.57057403268634,0.069825871780431,1.84733680501564,0.943938518503602,133.321851779615
294,2.49123267867169,0.412489034138802,2.70076309471616,0.530821994614776,134.381686576304
295,3.07998471543517,0.92070399846315,2.25254469573236,0.198726992197603,133.815736552264
296,2.71551574765658,0.503091240232954,1.20197753935693,0.0535181686969937,132.959021229917
297,3.3266336570449,2.0311542289647,2.07252148098191,0.227608586090001,131.767444077719
298,2.96527143181727,2.07473556334665,1.84356409317582,0.272519032737592,130.817374752561
299,3.01306202428742,0.853800743927711,2.41156151177357,0.461700772267772,133.59034389248
300,2.8994334520245,0.522692069103649,2.57541400406579,1.23236882011411,132.852846341213
301,1.96911919040796,0.571407660291967,2.37497196361825,0.284623521988865,133.206248366022
302,3.1985110964978,2.15005464930028,3.39308520696004,0.11694908912501,130.219036373248
303,3.54428575117197,2.172632502553,3.5734709871748,1.06703420860065,129.778193430687
304,3.53068111811183,1.27611539778231,3.27863976851008,0.389894890383453,131.624436880656
305,2.32671800541432,0.364167907899121,2.45321372615591,0.195161789669656,134.904228419829
306,3.2728621688385,0.440058198449145,1.94154667618531,0.0299831669884878,133.667926569473
307,3.21503678764015,0.994394023146569,2.40015493590757,0.12005016847457,133.612642622582
308,2.68091477133856,0.0648329472972805,1.92167825751364,0.091395131889133,135.205627865632
309,2.85243806812527,0.365361050624605,1.89938752565552,0.0488730992688573,134.745342230737
310,2.88093579299487,0.53211703115632,2.02838079469502,0.0945669040286916,134.580510055792
311,2.0889770662585,0.169331694770063,3.78169541921106,1.94624918480112,132.337444431645
312,1.98476039982166,0.0169221814466393,2.97372994359333,0.567026971347995,134.400449600262
313,2.60875089273741,0.601508794619943,3.69807305486766,0.136954526343531,132.708884362385
314,2.43731633534325,0.975346222899329,3.31543298200318,1.00067381767178,132.04327208866
315,2.46890801002037,1.12803444541476,3.48163182852221,0.431647217099352,131.69311297313
316,3.38256429299473,0.867863500565521,2.36850218932727,0.404117531391935,132.902750262309
317,2.85100908737999,1.31027080960434,1.84348657066224,0.0649694550191155,133.251828290916
318,2.25803507529688,0.280170792429859,1.49056083038118,0.158494540439271,134.117728474329
319,2.19391300180921,0.157538901407252,2.54049085097776,0.010800634508443,135.358015776364
320,2.51275076360043,0.0705490148551739,3.15656264289704,0.0212022064259024,134.669781373226
321,2.06577620220415,0.114717463739868,3.21076679805065,0.540441800937561,134.070266391489
322,2.22700238058483,0.0232574354659696,3.81430885141019,0.721663212434612,133.439863748061
323,2.48248843705393,0.474194325236436,4.15234305315118,2.1060104356429,131.686977988751
324,3.32431180742145,1.28764310686989,2.88285903789193,1.67743042744467,130.870027403653
325,3.85441868430367,1.46211371396625,3.50143629154247,0.559866990592926,130.303160449932
326,3.8466093162951,1.49525759765162,2.80737306773196,1.14681954468914,130.453004140096
327,2.48636287686431,0.981035554309403,2.77475789641049,0.550099822338145,133.001740314224
328,3.08911164170057,1.31483711984244,3.50961723636157,0.407211215673923,131.78476379897
329,3.21490354249411,1.17608430644869,1.97524670969417,0.0926186666654292,133.435251194787
330,3.09079918534349,1.40037501200589,2.19428541909076,0.145479212825471,133.208450890387
331,3.11759981859504,1.50476216868824,2.10773927015943,1.22311606388605,130.771502306585
332,2.44084698790441,0.612889082177808,3.78691843168114,0.876200158815582,132.407148286287
333,2.72321285011091,0.722493034246175,2.73891859170066,1.45366833732635,132.482473945913
334,2.67196368108027,0.31358424371656,3.10766527680667,0.148411038010099,134.270509364563
335,2.60095063570581,0.0625842434886797,1.74795349781782,0.171428190992557,134.95287014541
336,2.44796878449346,0.0026087616939128,2.70855681238481,0.449356151267479,135.09181508627
337,2.46909863624285,0.184559816705267,1.63023650637431,0.329712527923276,134.316700662707
338,2.11896995227011,0.00953412719002053,2.11110243276129,1.02328540629749,133.793728553636
339,1.95552271134692,0.0266757428962876,2.0046416272942,1.1421295835085,132.918783395869
340,2.20175951145236,0.237652161325489,1.87938287632125,0.175322739607156,134.89091565793
341,2.27225533257261,0.327524096682697,1.56314387979021,0.503235897728945,133.31559451122
342,2.94503985289144,0.277995830564838,1.97469859199675,0.650091661676051,133.429095089476
343,2.15930083808402,0.22532694311923,2.37404780693975,0.290698611166431,134.89280101541
344,3.03792108990276,0.164877738161197,2.67117745805817,1.35865369452183,132.450973565047
345,2.60862661353952,0.157138895128279,2.76591782382002,0.554123074924681,134.600332501479
346,1.8582116068155,0.187919636903106,3.40285805537376,2.66500275965148,130.538184743444
347,2.0464275428974,0.0965981176697565,3.56082587691051,2.94392349953712,131.027852349432
348,2.06625438398973,0.0549169231376563,4.10242742531572,0.963512728160748,132.593663562687
349,2.51868177589518,0.113915873308656,2.68427588404181,1.14338642312866,133.963994881401
350,2.66892968941176,1.07158763199454,2.94154564459346,1.85498065629346,131.145927364645
351,3.18662282387988,1.95730572723915,3.14284499242649,1.70820221939427,129.752947488566
352,3.44505667129722,0.94284413908237,3.01850787524213,0.747088663225704,132.021794646262
353,2.31249997161269,0.25366314703487,2.03224710539186,0.80499810944659,133.846274890624
354,2.09214690264234,0.163777549706208,2.21307635595873,0.746889721038724,134.090245900566
355,2.04729615841219,0.319390191534352,2.77641116590301,0.409150965916348,134.023510969423
356,2.38391000829483,0.36039242343806,3.40665845252979,0.109466902709852,133.737797202162
357,2.68318961227603,0.0106550583621729,1.70873777187316,0.000722974499988402,135.149953153486
358,2.30244561276959,0.186782997585598,1.45266576030111,0.0230975860984727,134.601124191726
359,1.90078259540458,0.25071710227558,1.89776908327998,0.575064541118994,133.180969568773
360,3.08146765841235,1.35001673940663,2.60108551359315,0.676465189212551,132.518800292769
361,3.11382544683176,0.184623725436626,2.59873125032255,0.811329400879783,133.075562840699
362,2.20852113485297,0.244013627858546,2.40864389379134,0.467620683970365,134.67094510788
363,2.45091681568164,0.0548972532032432,3.1349753867045,0.227395837698731,134.705818365845
364,1.82902239453439,0.117125844121236,3.14505396254112,0.975939710234445,133.034533411974
365,2.2172165157723,1.56882521240447,2.76971397204092,0.306837303252859,129.98979841219
366,4.05503886745583,1.36947671324795,2.79191924506273,0.989284490142557,129.953463655708
367,3.2335963412129,0.726806523058239,1.54215641274443,0.62113556928746,131.583218856787
368,3.27616347693711,1.42740969717057,1.47710043194123,0.152539074159489,132.0311279663
369,2.59474947612887,1.22181423641958,2.90291921776398,0.1178235406719,132.755201326832
370,2.52682438519358,1.44394223458915,2.47401259050057,0.0183147660370098,132.403857808025
371,3.5120886585159,0.820609816544122,2.36588100354306,0.0153409235800811,133.030243742407
372,2.76747634342986,0.527898518226079,1.74923617592999,0.255426491571458,134.081976445557
373,2.56648336621408,0.26657192271254,2.63592591774696,0.80069192513297,134.25281841911
374,2.85765260187597,0.837127090149633,2.71436323579769,0.357057442795296,133.774014046236
375,2.59767144142547,0.051458211767148,2.5610353797018,1.24708486687117,133.690699072945
376,2.18727810330602,0.165309766847988,3.91362915463338,0.573600815819655,132.896433767554
377,2.79060351958221,0.342668578571176,3.34889846261572,0.336875692069002,133.595179435605
378,2.48513428048944,0.0397409999771478,3.35662529510643,0.830314411025072,134.061247761601
379,2.25944868603239,0.0151549150604683,2.24629906440118,1.28190168203721,133.528769197063
380,2.18499836031946,0.136057179106282,2.81661285024742,0.969568695142828,134.140189246268
381,1.93232117774452,0.312023293324523,2.92785930943803,1.20067581728952,132.642149711464
382,2.5378848951463,0.699266621375558,2.49392904486949,0.438860917835439,134.029242868485
383,3.31474668166785,0.244635468679371,1.58099346395166,1.01534074789622,130.170143199803
384,2.53551733072021,0.110129915421279,1.79122217144267,0.873782026029453,133.363476265993
385,2.72771856719835,0.0536427479834286,2.93480764544387,0.235954843786522,134.583789325526
386,2.15621500161309,0.0510339375505795,1.52314582318196,0.10983130303864,134.724212256874
387,2.51757193015063,0.147927966314884,1.74114422064081,0.244822420504506,134.784183715073
388,2.29366919954854,0.154910345869186,2.3760355486402,0.597745519196307,134.743501317587
389,2.28117319901965,0.17407573006062,2.58311022067158,0.468603931819592,134.872737275718
390,2.25031098904376,0.202398732103406,3.46735309638122,1.39557894983988,133.25190809304
391,2.33565082819667,0.526668773287096,3.75582769733385,0.747361048900399,132.55827642584
392,2.50741756069459,0.0569073865472824,1.62755208800764,0.222675698415706,134.712385614531
393,2.33533472087698,0.0549271786068787,1.28378630924534,0.292767144467945,133.428931787433
394,2.33692387896919,0.280486026472186,1.85855938546268,0.00904105509290022,135.2519098581
395,2.39329845369125,0.239420398871155,2.4348877083344,1.06232476001433,133.842734004947
396,2.42446527821673,0.0814926986434064,2.48278445969078,1.49057846653879,133.277928886844
397,2.4455812958147,0.8557975769282,4.06296216706404,0.521528933774971,131.224396733499
398,2.31890623923305,0.285995588228964,1.82430866232777,0.603362726664296,133.876112902846
399,2.79531814025449,0.274954541932409,2.42541652327029,0.250676488260387,134.728578064129
400,2.19296257260944,0.0362332260048192,2.03974300568254,0.149304047765705,135.51873506147
401,3.18280182388574,0.671418756678006,2.73260596085538,1.06347146185513,132.505825709803
402,2.93543726459367,1.11390996768447,1.43938470764194,1.00228114126338,130.020635543631
403,2.8877324791017,0.398813924100108,1.37929202812524,1.24140722301954,129.782237064481
404,2.85754626402435,0.273148949011767,4.44085519655509,1.80895371728565,131.329593808446
405,2.31744917531343,0.839176954533793,3.39223939665566,1.04284962051701,132.054280445849
406,2.27141957102592,0.903561956246251,2.62551166534771,1.05906076668526,132.036113361286
407,3.00220971820882,0.871801756346904,2.51595255905265,0.859469327234868,132.982824989274
408,2.35370550875579,1.28267560729674,3.42646968628038,0.587557487173277,130.842569025155
409,3.83729401935237,1.75898462077512,3.31672922233728,1.03474898116249,130.268468681983
410,4.12439553731803,2.05004990388098,2.2891218045767,0.708400203973763,130.169954915212
411,3.50588459828417,1.66558831024236,2.62919654537654,0.579277969675239,131.855109420768
412,3.13930774754084,0.670476146969052,2.80192484401476,0.248214061847274,133.525698470075
413,2.99664886165602,0.160325974677373,1.77046918017665,0.056490937494167,134.276636525957
414,3.01592908314217,0.740046503900904,2.87294820423877,0.510799998010227,133.426765681642
415,3.27289825300867,0.764948829860387,2.28845715882539,0.779492657482021,132.553526989389
416,3.56011612501444,1.29421563505972,1.7135169960825,0.760059475060894,130.738415265827
417,3.18511333210374,1.10653512075162,3.83057627278948,0.936579929306946,131.299035029788
418,2.61057558511185,0.354418791987143,2.59211594176377,0.731174260442959,134.207286843902
419,2.09606047099668,0.0413051800733681,3.29573810076306,0.961132094033017,133.927469210473
420,1.91323256283607,0.0168590848774727,3.22338521240355,0.850115628052885,133.712969756242
421,2.12645050959395,0.114919468439274,2.16998426840962,0.655377786103867,134.416764138614
422,2.04256856010087,0.330489647107688,2.63397659296287,0.310281592545234,134.182782559993
423,1.99612631022676,1.00939804629716,2.00848323220874,0.00975586342903211,131.896798501841
424,3.76686537291271,0.26569560359007,2.58080265805755,0.0260453870101303,131.209603317461
425,1.55650566491555,0.204487545345469,1.55828056774875,0.236675823405865,131.36797402574
426,3.02521711314406,0.64129193840742,1.88344214001151,0.149324468584261,134.01742400772
427,2.59579659419196,0.0444693554292103,2.90326726469038,0.00636717820862065,135.019981902627
428,2.27847246800522,0.00706849037252448,1.8948095187948,0.387369418774372,135.005591542232
429,2.68655668059884,0.142319767441966,2.42602747950523,0.216137029581567,135.062874980631
430,2.77601446582731,0.0941906795154647,2.27032193203925,1.98199555902839,131.186924150023
431,2.38442870438281,1.01560241435504,3.2880691013967,2.20442655522883,130.333222890391
432,2.26432614007411,0.0255965101309515,3.56410729688267,1.5551078709587,133.391946842092
433,2.30083209664939,0.419758686795824,2.82687697250074,0.119313053487884,134.495593795029
434,2.21504781843497,1.6599564061886,2.27181864881631,0.217049071954324,129.882376533091
435,3.71666576261523,0.893897837409572,2.81999943592829,0.206330441904328,131.764608884205
436,3.87996252169401,0.220710399217091,2.67674733562499,1.03405621253693,129.211466158449
437,1.57059671840621,0.652270851319351,2.55401976186707,0.504136121959607,129.699498483635
438,4.20750231966639,2.73537263035361,2.41817961066135,0.749918165644023,129.458502232885
439,4.03802436137127,1.14611249118336,3.08981914907839,0.589345201302052,130.073871654906
440,4.17703393699765,1.20456451039423,2.36585197955784,0.583656355326801,129.890927791654
441,3.79541159395144,1.04779581904475,2.45715134828683,0.298472948212098,131.732269222485
442,2.17046042685446,0.789138333222623,3.40279556919589,1.58502569951333,131.26213702162
443,3.16984931833264,0.755523007041451,2.76605658071909,0.565070976033839,133.141970757689
444,3.03080205329655,0.914686852075877,2.99925112556096,0.387323482586455,133.200866500565
445,3.07673233981241,0.828774700051621,2.41716426821699,0.014574322800187,134.103657653907
446,2.49442711540195,0.196950241870503,2.87077809782388,0.234306115209424,134.855966173089
447,2.5642717380411,0.193473852037025,1.61012357711432,0.181135989873922,134.561549984838
448,2.66510429544414,0.0264544869627043,2.0346557792048,0.0784793525735184,135.3633010744
449,2.36985307362128,0.00801659902989877,3.02582869442742,0.0753910741293979,135.056394524142
450,2.62503664639857,1.01972273685049,2.46842226010371,0.134520391395511,133.762347870935
451,3.19330383936502,0.801928062079368,2.54771701441296,0.0714446969355217,133.743099251443
452,2.32363977952327,0.132868016489966,2.88984759556087,0.0226611373569886,135.092425295828
453,2.49924482266411,0.176509942638641,2.56344059607872,0.00678181556467653,135.397930198314
454,2.05711539221614,0.170298259405279,2.6467822071277,0.0668375290682901,134.920192600265
455,2.22698320462457,0.557233507150757,1.79616832771535,0.600206939882845,133.001939742165
456,2.80437931715132,0.811422961605022,1.75989955326351,0.135847959093128,133.951991412922
457,3.00600543523606,0.667606682000323,2.11782747992756,0.0702139868360299,134.33596673998
458,2.94666470635155,1.35481022900716,1.89948236623147,0.434621104113694,132.508044203295
459,2.54087812298811,0.531184674603309,2.25507126331288,0.195506853062363,134.733984644348
460,1.88476485075524,0.975585676874622,2.78393983982,0.0595984620121448,130.911212608644
461,3.95691251706846,0.759167020601106,1.76037826639062,0.239125156820755,130.441725365331
462,2.02451402419991,0.334490853584132,2.96345031486268,0.848445706454687,133.320215604117
463,2.87266438058633,1.37980816450582,2.07645852474772,1.45749624898592,130.277427667012
464,3.45252815903243,1.26070009408187,2.9577984721555,0.113115533542706,132.430608582878
465,3.38168901954375,2.99885541268597,2.39252059763891,0.266536560023364,128.87708187648
466,3.76796634894114,2.91682719088761,2.71708800978394,0.213155898939884,129.735438709564
467,4.14367038258755,2.42078830263301,2.75242656688845,0.322758497064421,130.360101451131
468,3.00559490529303,2.34657811440183,2.0970606005896,0.214738113464603,130.31736452492
469,3.61995962377732,1.39311234514944,1.72454538098311,0.534516498697594,131.176664293645
470,3.40532630029152,1.12347415630111,1.72956078053756,0.326044331872279,132.312772369987
471,3.45709157887011,0.812507563516184,3.56007305713721,0.822358241620681,131.280912539061
472,2.38119351473149,0.0458498211341377,3.42380843793711,1.85711792526658,133.107921054572
473,2.45519388341455,0.0792841184396029,3.24220629457965,0.0609517550784407,134.53698627543
474,2.58584526770039,0.503377949142029,3.27252884407569,0.138058135257934,133.781770417515
475,2.77133817018654,0.832840109967063,2.26556008010409,0.639294718996413,133.468217558869
476,2.73955011238455,1.04531050228513,2.36847805204519,1.6511687526128,131.050249208604
477,2.66934449392235,1.33204705321482,3.08767331132676,0.154482742507784,132.279703963041
478,3.39644491585584,1.9421824723392,3.3179837146919,0.239144793673174,130.971245578584
479,3.26653388260123,1.31505397517708,2.85570874865253,0.485126146387761,132.525389198113
480,2.9584082622687,1.5148279377275,4.01530371043202,0.481383230376505,130.284121317049
481,3.36823504108297,0.49179618602921,1.45786319991098,0.36694589735867,131.576051295224
482,2.40324567990936,0.560466972132073,3.28370151216468,0.423878970597824,133.468851004184
483,2.84115918782787,0.723801894401129,4.1405510452824,0.739787874697447,131.523516434887
484,2.35420227009744,1.08465177900291,2.22312967755218,0.0663198224549523,133.157631836674
485,2.45337620199541,1.25421236898661,2.2835007499267,0.320325115647663,132.503282079999
486,3.5912122800257,0.298333828789738,2.18861174400575,1.42028042248927,129.593187458162
487,2.3524478358342,0.00906367298236025,4.12006691425207,0.429698973724604,132.767683736119
488,1.95309529671216,0.165961361775674,2.25674126785159,0.394293553096135,134.365780095316
489,2.58522503072043,0.50953783266993,3.54727348267738,0.459582683019683,133.190877622695
490,3.08948994802803,0.0254490083466433,3.16129662784688,1.77926036959486,131.689341076884
491,3.07858847242395,1.3431903044041,2.96158078730501,0.994167387371409,132.015072236097
492,3.68196266711265,0.532628910567504,2.13589206320067,0.407074698839271,131.551242432735
493,4.272260216417,1.61687912934911,1.80418342691284,0.483430565058652,129.482041873764
494,4.36572768812151,0.117598450462388,3.24462295320134,0.50397450368861,126.012309260905
495,4.06952541115756,3.05119906266708,2.23342434589697,1.25878008257117,127.782973148957
496,3.99595552210913,2.72334285145709,2.39494336910488,0.796761351477525,129.542815349737
497,4.34872404823414,2.78903399030701,2.97930905656541,0.538745292250522,129.278600747876
498,4.15227774845493,2.28128973695684,1.79629933285225,0.46059730641158,129.888749405066
499,3.7724152677322,1.52058482807363,3.19659064868383,0.428532030875422,131.060307212318
500,4.00421983585477,1.89529953589905,3.09479123771229,0.0316657311981018,130.703953053735
501,3.07821686264337,0.884313760568061,3.36930738715693,0.216251289572925,132.656996822788
502,2.43686461006579,0.730681486280022,3.18377073422571,1.40072357905767,132.410806996571
503,2.80853840202936,0.261433157931679,2.58514385967551,1.46479100298968,132.770110729419
504,2.81396817446046,0.0326756496932232,3.76218764637513,0.726922754847865,132.864498847931
505,2.48531744301518,0.0184281430936001,3.17663376653971,1.12136776913528,134.022824227141
506,2.31482684360915,0.573847423878997,4.41453726474018,1.0209352711209,131.075562177769
507,2.99355821116129,0.034779420128922,2.48974149788274,0.07722792987745,134.424839616417
508,1.71398959320615,0.00823859179282685,2.16890392926543,0.197489657874228,134.173677761105
509,2.70863916130166,0.884996079376555,1.84089331003248,0.330695223080854,133.530351962404
510,2.79286131857993,0.46062636476657,2.44968083188412,0.11972369598192,134.7323637125
511,3.25764980434964,0.888526348338242,2.90316001667913,1.63810644090425,131.3649211077
512,3.36699416706557,1.41813516281146,2.7286380996176,1.34963554996893,131.168640012305
513,2.91750541357133,0.896126307028464,2.51928047209981,1.41714972572903,132.019642646231
514,3.34159168436837,1.53543258111811,2.26396432855483,0.854525591580197,131.650380789561
515,3.3618956822605,0.118482416208369,2.17402222168036,0.379675635731055,132.624951944829
516,3.14942616396528,0.456928553795072,3.34765633302677,1.29508378567148,132.125739815252
517,2.23963240681023,0.176583159841247,3.27469279176564,1.86452214564689,132.83181742278
518,2.80624610833753,0.241817525516263,3.44850237628684,2.33351038878966,131.713930354308
519,2.24731898277535,0.291140680716529,4.91721607668534,2.49652298744045,130.775898151187
520,2.09893674400016,0.352232427481238,4.21859734111819,1.50831316141671,131.59969289667
521,2.59877062261554,0.867196430382706,3.05565401010512,0.69223770804179,133.083030545613
522,3.12300909540404,0.0818874947610509,3.27177717717193,1.20107186641175,132.269356867496
523,1.9351376383095,0.0358349217192919,2.91929456262371,0.966339224843592,133.835827817916
524,2.40847370680023,0.0650043808621489,3.77429178345047,2.46191544295281,132.22807025966
525,2.08396991523849,0.00142279186431057,5.07418665910927,0.214319785516524,129.654209097336
526,1.7761572372591,0.294390185522705,1.70113961301679,0.00302794155640998,133.355371145151
527,2.98334912517436,0.717189947188723,2.87239796586851,0.450253187496187,133.554501844371
528,2.79536449309579,1.86690138864997,2.79890708297761,0.131325667450287,131.274983920494
529,3.95224969378865,1.14530094028472,1.84320103078244,0.0937695344018293,131.303010614425
530,2.68892807898321,0.00730594082286868,1.78312682647341,0.0925820931498131,135.056287212501
531,1.96071252883822,0.762047554171434,1.8524043184983,0.161930226052498,132.346534158714
532,2.81603979873558,0.471820634913113,1.65809473805173,0.404303089680473,133.521487392283
533,2.32135742434047,0.284178966855722,3.6763186843089,0.876043472769728,133.201105991053
534,2.49115380813181,0.894467180381499,4.11039436697356,1.3298782931153,131.132214627153
535,3.12605853271045,0.331916548140151,3.9156722339795,1.65422831880864,131.37434151827
536,2.21228604638361,0.452362345834464,3.11844422521132,0.486443839344007,133.637235208459
537,3.15164078963208,0.068119419013933,3.86893265814733,1.72803929195377,131.190595465389
538,3.04727723211992,1.9638592086062,2.29771704989356,0.187077766613818,131.778458777821
539,2.99361324503732,0.380251397008694,2.39508562140461,0.167246384938182,134.359473457084
540,2.91871373482455,0.036466179401945,3.01335598596333,0.306343101669674,133.934129926665
541,2.09374943084709,0.0429042836251964,1.50896392891817,0.402246424791916,133.824289862533
542,1.9681319947859,0.408374447102659,1.97178483946958,0.0924226485537125,133.996022800487
543,1.89150351637104,0.270098699300845,2.2315050457659,0.102718073625743,134.232401980967
544,2.9992635920837,0.394104843362232,2.32244189939356,0.0932312067075706,134.459901343851
545,2.95479948363202,0.192784637396708,2.60480363937397,0.326107799235763,134.209682321511
546,1.90044952365134,0.849037306129813,2.34846524702714,0.343323205779107,131.586313692006
547,3.07188563608863,1.77046368688492,1.99341437553122,0.0618971854624633,132.461501520122
548,2.80165047346845,1.42003768335622,3.24785348684807,0.192186410973402,131.959114589386
549,2.29871717141622,0.657182836502886,2.64796995644804,0.14822408463372,134.040515748697
550,3.09002018785912,0.645957205707128,1.48930236725114,0.349026055888929,132.548705731197
551,2.86033630275776,1.57019783129888,2.06897270652517,0.332936193726273,132.298718823244
552,3.72677444770861,1.42044843550827,1.52460217842716,0.0328811860964488,131.668270728264
553,3.24799746236995,0.415871705536169,3.0129029073693,0.566925325871611,132.747180076704
554,2.7936181952078,0.868010958823137,2.31122392444793,0.301603100496671,133.975982685653
555,3.40739571988518,0.905704427338811,2.29004421282839,0.0843692978026917,133.291988090009
556,3.12472363823121,0.836449555605555,2.32689026982766,0.442800448947726,133.449526962665
557,3.05062754070554,0.509272343153065,2.01302269721592,0.117492286477791,134.206068990378
558,2.06732584057603,0.562653184379246,2.91929192858511,0.782234012225638,132.815446868023
559,2.19051204192656,0.313484470149994,2.21328765368392,0.00746843586541372,135.144352735512
560,2.65353108618074,0.178385218895646,2.265079543797,0.0171826595588819,135.39458817368
561,2.26188284383982,0.225389801673737,2.08530832107648,1.14584794155612,133.156178934229
562,2.56858144153263,0.0774457041608431,2.58930076938889,0.163520730467416,135.267055447511
563,2.04501625530492,0.43515605600578,2.23495554744186,0.14190708828786,134.209487633017
564,2.96876153566583,1.21506979276556,1.89661154950127,0.212598683504815,133.252134363874
565,2.54619531545865,0.962694532530521,2.26118934238135,0.028351188241003,134.016129349698
566,2.57672632591967,1.44814556786547,1.94699796868166,0.381547096097895,131.859004602025
567,3.36975620508827,0.838977673308026,1.88798943480074,0.299914180709458,132.817013327093
568,3.13111837096754,0.0783398622190727,2.04510779420919,0.308692525476821,133.592334017491
569,3.04206804087742,0.777095334195406,3.53617398696484,2.59650177648736,130.501438967128
570,3.19743277086792,0.87681745036293,4.40565717930931,2.51558875793049,129.993621802567
571,2.59392034604481,0.0736992296562666,3.21007223861172,1.80681456058871,132.972893949595
572,1.94134151479556,0.363872434012375,3.28397856112771,0.126909865196376,132.956536108921
573,1.74615139333609,0.418304109768246,1.51033646455336,0.217492383397281,131.697110753071
574,2.05815960925916,0.191600746406702,1.86272365679127,0.217157344316768,134.615886491934
575,3.00707385084846,0.636715778788741,3.42362718208035,1.17442388492125,132.440845550984
576,1.94086494212768,0.229736085193547,3.092756343618,0.687109642948761,133.408266094628
577,3.93663488375802,1.2598844497609,2.15877092116441,0.344001582077764,131.231754287137
578,3.88146341335838,1.98462961044247,1.50012103553637,0.664003743623652,129.226964664713
579,3.98139374998361,0.941813348209319,4.10859972390516,0.343403454980847,128.205213189522
580,3.38924796819759,1.00278119423001,3.29824350662365,0.870524106519084,131.777072723753
581,3.76043955415992,1.24249180093377,3.03513565629983,1.74987300219597,129.802426611856
582,3.77057140260062,1.46756742662942,3.57799639373096,0.582063354670318,130.397135391919
583,4.00153923305979,0.815552500619064,2.5928703918042,0.768310819265935,129.961257795576
584,3.73543725157158,0.110855805727948,3.18018763887399,0.895038995478273,129.77113812194
585,2.48570972320053,0.452609033378194,1.99340758235693,0.119405389856652,134.897717168687
586,2.16313668625223,0.0271342950951244,2.47442320436558,0.213678620882369,135.428041363709
587,1.91389111122081,0.0856808660932548,2.80261056645686,1.02728339983421,133.569192483899
588,2.7027525030039,0.109081187856991,2.55520233033293,1.05669260986261,133.80327563591
589,3.05798690269748,0.736992781623098,3.49972692023015,1.31140389029321,132.09271641789
590,3.26859382662941,0.621408268119194,2.41567841961346,0.161135921007822,133.570819986105
591,2.46835459686836,0.97636142692445,2.35695731609892,1.64607049570345,130.868796550766
592,2.90165014651869,0.275167938642302,4.55220967434234,0.937818544554709,130.908094310354
593,1.71742509624491,0.0284642746241182,1.57447013998401,0.0548464787715179,133.686196123064
594,2.44005523821517,0.624306281488142,2.36776313278001,0.0895829543947617,134.60216293132
595,2.74028565892525,0.904997729647998,2.44095759031622,0.282020226489771,133.920748377718
596,3.30176445279696,1.46654522486868,2.1675577738405,0.701619655475712,131.989698182495
597,3.65907834317147,0.493240995596709,2.65561388696078,0.932924591665642,130.920971708041
598,3.15792608557087,1.12263338039437,2.43886996493464,0.86080869218171,132.476852535296
599,2.97417765044954,0.877755216244234,1.75283790624096,0.289496914677211,133.373134161864
600,3.63986589150606,2.13013225798201,1.75928139694771,0.367378786920565,130.870312289679
601,3.42102539079871,0.983807247100379,3.43459404930147,0.0917777748778924,131.765718808949
602,2.72191235367871,1.43017866702474,3.26853514932397,0.293283399367866,131.735537958895
603,3.01496329814961,0.185615811643223,1.96312777566383,0.0422657109819693,134.453446407048
604,2.46441351820158,0.296741914198747,1.49372337545758,0.649839699164612,132.825935422318
605,2.26097711257753,0.0147627447008386,2.94721827452824,1.04648760139447,134.311331152861
606,2.82155599509946,0.299000081433945,2.2772074876747,0.900711562670978,133.549293118727
607,2.938913494279,0.200352087822035,4.08950657254149,1.44851066534496,131.788559093456
608,2.63717314835998,0.346693105148862,3.21975086586346,1.70838231125576,132.774009929327
609,2.41280017902923,0.517356193777887,2.86204485561053,1.80093490242221,132.224760865388
610,2.57066309936232,0.0655393147856368,2.82033063963987,0.756057512034652,134.47971119797
611,2.2751199809717,0.0526138972732732,2.12055833476436,0.257029338222152,135.397087283852
612,2.30103594956844,0.850989601844365,2.48571665920171,0.373848153685058,133.304644226313
613,2.17394583347978,0.181685530682286,2.53169196507907,2.32013789530128,131.074692504422
614,2.24807663372966,0.0615121096409427,4.05549031936418,2.19133999537699,132.384679067184
615,1.95157890141696,0.0436441809832005,3.36375118741551,0.196110221363767,133.851013342451
616,2.62896527466638,0.0273334173734551,0.947793082117703,0.294153846674494,131.059487951353
617,2.09867229444679,0.0535932579946236,3.00620475511273,0.573251055982609,134.509092497574
618,2.81969331352467,0.119588741867695,2.39606624642972,0.871292032375955,133.786717610753
619,1.90938657101692,0.407651760856814,2.42801941646922,0.0777098608473211,133.791977473386
620,2.11816213638217,0.274628494291437,2.6020194784523,0.143638313227202,134.746616280852
621,2.70973938997883,0.294546723539139,1.96107466153586,0.412499042488362,134.383274838663
622,3.05415548029095,0.706694947777324,2.55024899265025,0.28288070534435,133.853352731387
623,2.95427183160808,0.933759070748355,3.34790696468118,0.686492950778579,132.614282888467
624,2.9378743079358,0.393078276982051,2.03989125854567,0.135735313036273,134.499538548945
625,2.25601222862403,0.44265561767086,1.83055321098839,1.15118510246676,132.01360574671
626,2.58795112963482,0.489955332734611,3.17620680574615,1.00502461327821,133.430320184575
627,3.26469764814413,0.797636941379607,2.8336871397123,0.629720411978888,132.787321666191
628,2.56758993787957,0.802288872816898,3.32085153014815,0.33950741093028,133.048234845735
629,2.70991749042009,0.673196033331412,2.37644742731796,1.41957157494294,132.292969363117
630,2.66040089647648,0.833113621934081,4.25498625336952,0.603424777260362,131.077279665675
631,2.70306774275272,0.690054075798758,3.93586259800137,0.449095808909381,132.05453582642
632,2.4144800541303,0.602463093860266,1.31082221612773,0.118148952507946,133.035083688138
633,3.20090051696371,0.60471391939821,1.07203839747928,0.0682543137954148,131.216102691895
634,2.50149352733097,0.204490820943743,2.74665112600584,0.557552049760132,134.652302201072
635,2.71918431702135,0.169259943653723,3.16300695161748,0.936879279083461,133.739581657662
636,2.80126468686441,0.0940980264374873,2.78218482212836,1.05482435387459,133.644675157635
637,2.60430778686979,1.09601018132328,2.49890558202956,1.24565586212673,131.824234254691
638,2.68488785821981,0.118454775747341,2.86035948259303,1.39856525136607,133.366210097389
639,2.05466038194064,0.108193621972892,3.12324483244021,0.734187005241267,134.034559841947
640,2.19039232200538,0.0774042379482363,3.11678804671442,1.33893300174644,133.718877356349
641,1.97205749091288,0.286614887701928,2.98383289528634,0.881415036520307,133.245273735498
642,2.62650338112829,0.134053479705519,2.90872562584875,0.344014955728726,134.667534432735
643,2.32704222083266,0.282111675528655,1.87586559156007,0.331424493859244,134.603548290134
644,2.27436718213635,0.010031934461719,1.52849910891506,0.0843313033793654,134.971701473233
645,2.63314272302384,0.162853397649725,1.89975125018063,0.321038611831658,134.72498215841
646,2.30391497143234,0.442994876415826,3.06301680710834,0.547716266959278,133.850811802346
647,2.51647977529477,0.842199851751357,3.11571903861121,0.00292476880975361,133.367600012768
648,1.94931224330272,0.552913211481681,2.81908448655555,0.0397906212750124,133.093717232578
649,1.90854310467619,1.19382549403605,2.83791269711035,0.453068736757483,129.609766197416
650,2.06061223966906,0.171648157784529,2.010420708712,0.432581268540208,134.415057895863
651,3.15086769391988,1.04354827936754,3.19491863710443,0.656190437294471,132.481586710541
652,2.8524013729956,0.501868918089848,2.44862489253562,0.563218020803759,134.013551294167
653,2.71719671998377,0.493183664721411,3.45890595619524,1.08947492929945,133.011921507934
654,2.87994494763453,0.320813177943096,3.66250074055633,1.83802535011866,132.108633476838
655,2.20258659210855,0.346855831791592,3.62067114659256,2.2140616367485,131.870321923596
656,2.89422529934703,0.371821318276676,3.5804109765039,2.61445674572572,131.04846961156
657,2.91360080245739,0.915753254989443,3.79636055983507,2.28157959118089,130.9398728923
658,2.76077873880686,0.722577509730038,3.05342825442944,0.823804942187245,133.273201278393
659,2.52321886661713,0.90384051697256,2.78368966206724,0.532689993160232,133.284677652604
660,3.06117711053795,0.047302448128433,3.30201440432921,0.243900935797687,133.03278626976
661,2.35719172799507,0.259594536426178,1.49383988553464,0.637852089285835,132.905857771674
662,2.39079429493466,0.691687457861352,1.47397846270162,0.428634313958701,132.503817366179
663,2.80353343847447,0.193487080084166,1.41230917497164,0.290950604070823,133.291649134682
664,2.05919082806917,0.165573758436515,2.5835269598749,1.55826229891498,132.752144746455
665,2.32144818663678,0.247584929497971,3.10878039544255,1.28782634917679,133.547110691464
666,2.08164203696458,0.096936208285558,3.14860307932848,2.41687073862087,131.790179788889
667,2.54580945399755,0.373851272418429,3.29593858357871,1.1689678595993,133.377671752545
668,2.69912234388847,0.23625160755988,2.6130811569773,0.0656489036226215,135.012314149349
669,1.97154729762267,0.209041736175415,3.91860759013569,0.546466222462797,132.262546843907
670,3.21537106944517,1.20468625735785,1.9777933012154,1.01520045893734,131.41791613825
671,2.20952937792463,1.11598850722039,3.80653493721277,0.0594755721070256,130.118518018166
672,3.23616599882835,0.958941498133592,1.72791222041837,0.0816255534581206,133.319632988685
673,3.29511521401941,2.40925894577805,3.06067943740695,2.86934597217201,126.326906288319
674,3.3352287332686,0.103321461428974,3.32102966468938,3.67603816204155,126.982636200074
675,2.47064355689183,0.497119682599802,4.08173078489661,0.897156353288091,132.120095808661
676,2.6984622434621,0.0612319608901069,2.77415433341202,0.315694201854492,134.757452808768
677,2.80426419275956,0.388623252175651,1.86510873555961,0.200397453617975,134.473898704779
678,2.22731375635305,0.258115241169128,2.7478235110827,0.437528736330109,134.57731965235
679,2.34263751076543,0.224269947770992,3.09877960975283,0.527218840939732,134.333746700497
680,2.06616915627648,0.553131172002467,2.15021714294695,0.534300758541516,133.19265220866
681,1.87816399565158,0.431087086296855,3.25808691718468,0.914049329354938,132.066050229114
682,2.98540301379791,0.364564248279759,2.30882444313256,0.608823617179133,133.715955850558
683,2.25319859511915,0.270196439051415,3.39709280441094,0.640793569368742,133.688493034799
684,2.50776555858363,0.30241840503874,3.86832936116039,0.0198981258298202,132.760031812702
685,2.19132141759958,0.69499813372424,1.12562473937308,0.114933655785292,131.397422606325
686,3.30741877242819,0.425639007618299,1.29121626440594,0.0202734377047811,132.130294950138
687,1.91523957975136,0.62386580185455,1.47978508252416,3.75844350471077e-05,132.309725992443
688,3.41048322461356,0.977693833779331,3.59354440828098,1.43823250529632,131.001437270213
689,3.89333904886094,1.96827373703259,3.34490906344276,0.741773104444,130.190194631225
690,3.26269983930527,1.55370013191361,3.06642200725691,0.55678246006536,131.921427151918
691,3.30294831501066,0.789078164022562,3.60273568497729,1.32522860867166,131.40110427444
692,2.76695204792701,1.04938744782535,3.80759883116502,2.55392014072192,130.377461584714
693,2.4851860554838,1.11942591813053,5.38004644962679,1.84829246326282,128.001341627952
694,2.94034646497489,0.633858318640646,2.01204651534384,0.370596532200204,133.871751446225
695,2.50722753245895,0.775606673053999,2.37858758009061,1.73764821333525,131.276038820416
696,2.56736068199451,1.1966421316767,4.04273594423342,1.1533814608474,130.569178018082
697,2.50188528544427,0.616607863904601,2.15457628692793,1.1673561580964,132.597051644408
698,2.59292800657032,0.216071075012423,2.53291395835069,0.144317931194584,135.154582647529
699,2.52088607516708,0.0660440387003964,2.73109306599469,0.0127024741463404,135.328981450025
700,2.42832862287038,0.507142075328273,2.0958372989888,0.0343038185684346,134.951680309908
701,2.33562860272616,0.315446661654733,2.20086793648249,0.39649277208072,134.720259699992
702,2.51857750312032,0.630365601207042,3.8436066379616,0.623059393902479,132.352013266951
703,2.8322383192114,0.227652358194778,2.60602165807759,1.59486779655516,132.497947656685
704,2.38962778661613,0.16962663750362,2.45435225669336,0.676092325186909,134.638565237914
705,2.7859716038635,0.14844345645793,3.13980443204484,0.496127141792041,133.977226332228
706,1.98823365807555,0.044915594872862,2.00440303125383,0.00114171039241295,135.381959063545
707,2.49278386463724,0.0105285961113116,2.46383389193133,1.06909391275888,134.130063427291
708,3.05888476788666,1.08623113546351,2.49045474582321,0.977536843212493,132.449297137202
709,3.28807195240101,0.337653983390792,2.98435271520581,0.955889628919544,132.221504766377
710,3.21931149534942,0.441166819724523,3.1479931591531,0.107394500008149,132.923107285379
711,3.12718082286039,0.240934747876805,2.51915874372906,0.177986729591417,133.897130814126
712,1.8645174275055,0.0484184923063703,2.27442955992152,0.579258026019744,134.115395147822
713,2.51362973727309,0.0116728824450936,3.12404364249201,0.897749176134944,134.254275457497
714,2.07064386674641,0.0499838804508622,3.20288023023505,0.550795305264292,134.249818414887
715,2.58993964988465,0.36513884668686,2.84135157357389,0.299177466905442,134.549941864163
716,2.82891141764724,1.09444728732895,1.87581645340943,1.04557980642606,131.480504693175
717,3.2765002188458,0.32343990822666,2.07278530529174,0.159574167128156,133.460548458943
718,2.66555843403107,0.998598081824,1.94372140310772,0.25243024676626,133.562426592197
719,2.8835318293603,0.954588292077021,2.79978497260513,0.309279575421498,133.550802885311
720,2.45078459714875,0.507004690569976,2.79472498356394,1.41055694457004,132.932310876132
721,2.80053318463153,0.522332760778847,2.89211869757688,1.32361152096099,132.953813915421
722,3.44559513117583,1.18682108915811,2.87413675392022,0.407242990232928,132.382431607374
723,3.18176932848169,0.852995844107857,2.73090369893459,0.355583667583492,133.307194927824
724,2.73899952866255,0.867101174757245,3.61973982347238,0.766323592354473,132.354825154192
725,2.80863401104083,0.0741483748362146,3.52364941096525,2.71306843494299,131.178454258553
726,2.42179475043596,0.0641225418063286,4.23598457830429,1.33049299378692,132.546831200176
727,2.5623580817571,0.0376881184407885,3.05655272435225,1.6840782611282,133.217893773684
728,2.35680098104176,0.13292032153445,3.80143384095869,0.510317813815751,133.319130465457
729,2.37697013730026,0.508023752256182,1.48239789690354,0.297870741653215,133.333399480633
730,2.66142107800433,0.441568191001386,3.51597587369614,1.99196386667025,132.210294107404
731,2.26433474819244,0.0551388702847807,3.2159312930604,2.19470914966334,132.556844148903
732,2.37774955122476,0.0950171913760049,4.65399831479148,1.89636911379014,131.740552994034
733,2.61455891278367,0.126474701307333,3.97516304289421,1.45424479791461,132.673707250991
734,2.41564427454065,0.225908099851689,3.58512717538322,3.21205943673843,130.64613714272
735,3.20464706332085,0.311074506740735,3.880242772022,2.42546112683855,130.447645104304
736,2.36195785307472,0.0672393224710635,4.38314667003618,0.714952428940987,132.142494163392
737,2.19874598726956,0.264230080025378,2.61645486049281,1.591100699304,132.743328338641
738,2.53762344207736,0.0264943393141919,2.98834768151297,1.00893417262889,134.185247570809
739,2.56519596892391,0.00746577868162401,4.23388338496326,1.56582324534674,132.428704683797
740,2.59356021643939,0.0802996635828887,4.76797822087903,1.92278943303236,131.384822995458
741,2.39853973911797,0.0763632243903369,4.94478234318834,3.09204676854624,130.971185211626
742,3.13440476987317,1.25482362657909,3.35163594639989,2.52548613372816,129.875476792297
743,3.05714398093709,1.23366992108729,2.71165337903868,1.31602725250268,131.750515710733
744,3.72320004619007,2.41541951780174,3.72066439341066,0.939053966523039,129.125040924667
745,3.02464104120123,0.0901240337043293,3.55760500246937,1.18460942219944,132.364419939182
746,3.00111963101033,0.3251861635541,4.46294426181175,1.29325741357679,130.942706949115
747,3.05186625450555,0.114953343350263,5.319653980341,4.0100196130497,128.692172258002
748,3.41020529188651,0.831531282055041,4.69146818591171,2.11798052109116,129.309095216552
749,3.28757994048843,0.900692123900288,2.27243991853858,1.99602980694592,129.631601629506
750,2.89362062722669,0.271766525088731,5.19098554966394,2.2155545723698,129.937224488393
751,3.10774012535183,0.199510890239509,2.18245921419062,2.05547012348786,129.790285409416
752,2.74283092697123,0.875050787624469,2.4746183220949,1.71347416952636,131.419794746965
753,2.72821012835565,0.198409908965416,2.6548762864735,1.82994125474763,132.285440801558
754,2.4719962100745,0.499212245619738,3.40653536856427,0.404112352379039,133.45799938273
755,2.68170155145373,0.834115009912893,2.67540096812868,0.242473430629245,133.955806117846
756,3.0576475545639,0.883225805280897,2.25304815729102,0.215048857643928,133.860496034359
757,3.02093842583367,0.44366668322683,2.74604611920356,0.0517451396456163,134.113132724238
758,2.04645199750833,0.140507780006036,1.59509238142208,0.00347508880735153,134.742272603622
759,2.83787102323399,0.347882500548708,2.7454896770994,0.28379278573951,134.364226126717
760,1.85896026257937,0.153079723592009,1.54933567909668,0.265467544542172,133.315642519097
761,1.93856075472323,0.133588741704441,2.91922632746368,0.432491430162829,134.093018313604
762,2.23683751157839,0.346691643226929,2.54886730840631,0.883597247824635,133.843335977485
763,2.22749854153327,0.225962116295785,2.41736949207789,0.115276315607793,135.213122414642
764,2.42855757614244,1.21326266643702,4.12634174278877,3.85981333599456,127.341630313578
765,3.93989507050964,1.20160959627635,3.54604854275126,3.15868315695424,126.910870293839
766,3.97153280399771,1.62085236307144,4.2960229404573,1.81662838566342,128.324515329837
767,3.06389100219153,0.904122203497443,4.11721615421329,2.00855815317271,130.822286668203
768,2.61726941889305,0.476199637421609,2.99069589968394,0.486788563753677,134.062682535056
769,2.62798693038591,0.905929392742341,1.92182017775893,0.0654090547560437,134.083220285966
770,2.98380431854107,0.752462447330682,1.90811646546366,0.0188822265364376,134.274442432748
771,2.8529671934475,0.521522483346386,2.47585215747391,0.036549367110764,134.666515180151
772,3.05566859891925,0.690446890252747,1.9773385247771,0.854415383092658,132.524151886279
773,2.85211694996842,0.997162205432849,3.67169829832439,0.762740160486399,132.028032638364
774,2.87949936676028,0.294518328716427,3.58059943744824,0.849643071974414,132.894555676129
775,1.87377435047945,0.378272922532022,2.35439457110632,0.140834778486704,133.683440963404
776,2.24904779853814,0.222103807259866,2.18915574755854,0.0981676561421484,135.315853204082
777,2.48284002350206,0.0115441429944911,2.94082218364525,0.244321122751994,135.001232507366
778,1.9388449989875,0.0670082697550544,2.3896029236083,0.163324722857045,134.956146220961
779,2.14894308274075,0.0410652375471414,2.56553080410551,1.24902366413356,133.808089248695
780,2.75386629164579,0.307704682704026,2.23949429183438,1.73841930664883,131.678326055581
781,2.76051558750431,0.487883534166745,4.48750715726656,4.10673016274478,129.071654239563
782,2.8254053744135,0.265614339684576,4.8874276710099,3.84804002834322,129.605308465666
783,2.2130098793602,0.286944643896038,5.59689786734815,4.28566507283067,129.116038318395
784,2.55091135717283,0.232952344197891,4.33556694440824,3.82107018337507,129.985826742543
785,1.88005589019111,0.441467892407774,4.93486579660773,1.00528113612013,128.784044316226
786,2.66146358182136,0.615731053886764,2.35249576171829,0.476433883538208,134.164328434536
787,2.66078483409276,0.291372492995437,3.0344099045937,0.71352464887839,134.033734348453
788,2.06903310980279,0.463497749775293,2.73327057176882,1.19291678144307,132.645859035863
789,2.06001269554645,0.32802795794446,3.10932333757248,1.12123669266812,133.069634785734
790,2.67854619790148,0.596077547040662,2.72919355736033,0.0237484749398295,134.510155359685
791,3.23186242260395,0.331258699982041,1.94764218739231,0.0179281074615816,133.800046360656
792,3.08416900290485,1.29965285451112,2.60020103829582,0.706895465227254,132.561177225279
793,3.17631372250773,1.04384718759473,1.38303040341853,0.332417338181915,131.75666868889
794,3.1218986407007,0.577170270065687,2.56499181755472,0.330276330849313,133.70584067155
795,2.21592333178412,0.129469732960951,4.45690379711288,0.76802134480907,131.803623667545
796,2.52766723310084,0.238312093383314,2.59674246744068,0.264860737885525,135.006994521744
797,2.33187775617708,0.431202306169708,2.96833037915922,0.272436449286489,134.223554424534
798,2.17286447673839,0.427827439404318,3.07349831367615,1.8332173735713,132.109486675492
799,2.25624859751053,0.340530748589947,3.58359570944504,1.40955262852583,132.830348296737
800,2.31097931329843,0.508692079394035,2.3775652146079,0.503568712710133,134.124136143919
801,3.22615542449664,1.07591283550027,2.69761718578442,0.0175927891077878,133.393301404776
802,2.96238547954319,1.63548945706798,2.33902572231351,0.139762415838563,132.630863445344
803,3.70383830080476,1.91392352809508,2.31306067875787,0.234898000807069,131.846402840295
804,3.23825291198544,1.11407745759285,2.26922603608604,0.252531465139359,133.31185582794
805,3.40928455633206,0.218094899440295,2.50297782519191,0.0327858589691902,132.949936223365
806,2.98962903857596,0.221594816501892,3.51425770205966,0.174019053099373,132.890123995258
807,2.58160521459526,0.154702455674514,1.88499088215095,0.389349361257103,134.631849577942
808,2.07899408674087,0.176337841156438,4.25526675453518,1.51795745904432,131.982956363402
809,2.45949334097481,0.340874440641037,4.17536092224816,2.42898756146449,131.654452292341
810,2.50836271875799,0.281175641000711,4.07786787544195,0.236516395199462,132.339161702435
811,3.00810403710962,0.22816987572434,3.46037303177753,0.798500162880399,132.777566538246
812,2.80919597961456,0.606250587283093,1.9350053849521,0.96150096844031,132.625266112359
813,2.65250815961551,0.0356459070366192,3.06330951823519,0.0483339114065748,134.653474878442
814,2.17820514945555,0.0337283160484416,2.68197722403247,0.0722623043157551,135.417065286049
815,1.64009552879579,0.113255332325777,3.08421238496618,0.201478899033097,132.636516244663
816,2.02836516215357,0.0348225829692763,3.26163831231648,0.752762931286884,133.999802940983
817,2.1181469906222,0.0167171013160228,3.36737130282124,0.0866832478867186,134.28689226418
818,2.17576808702109,0.0408873149504519,1.41963536725128,0.168431949709861,134.291361708354
819,2.37479789013812,0.123256507500696,3.13933057287027,1.43021039030255,133.603546445888
820,2.78567046237796,1.19455539001842,2.36745927267889,0.869246417037236,132.394798193811
821,2.98470035435682,0.299630744301424,1.85094205234585,0.387708755118702,133.707134159646
822,3.25170109386346,0.19204762399059,2.33458559833401,0.0627749043910207,133.644976669184
823,2.84688268465094,0.272522176018431,2.24243579357629,0.27935733085351,134.595639597809
824,2.57152044744907,0.453710460275312,2.29252282410693,0.458017385108945,134.463415695997
825,2.75181304938511,1.4140041351698,1.9957897277301,0.260544536502128,132.642166346476
826,2.77025606718764,1.33176363859214,2.78328823921804,0.638418130634085,132.394366593317
827,3.56033505029395,1.09799462093562,1.11024148517053,0.291700207331603,129.633414681723
828,3.7354006461104,1.75623672695025,2.66794460446643,0.39472834317963,131.61463506611
829,2.9252787007739,0.265923173823909,2.17495717493067,0.932620283829843,133.151953387416
830,2.9496279489197,0.656141605069488,3.22047309290449,0.521505002116455,133.200145885915
831,2.64824719438139,0.961690835311862,2.80322915432792,0.552590532946704,133.252601114193
832,3.09407262521087,0.091866656178072,2.2690583078547,0.569941978275587,133.41219017387
833,2.36826865897567,0.0342444117146979,2.51747038318726,0.0484155108042065,135.655765388051
834,2.68893985226386,0.155677881604676,2.06943977340695,0.00529562943635767,135.369119194327
835,2.8786155871443,0.0915119704523986,2.20394551308014,0.153416918532282,134.765067814117
836,2.77407636363561,0.62888556191675,2.10050535615925,0.550730171538252,133.810267137004
837,2.76888948703455,0.531533751810993,2.60987784243911,0.11880779725497,134.57372701658
838,2.17962945501765,0.552375487426791,2.67700174925302,0.436545750252514,133.737150722119
839,2.4852115624689,0.200445464271807,2.44431955821123,0.224251307059403,135.209721921426
840,2.4519134914899,0.207126810936767,1.84084794023497,0.287410236359597,134.81173368613
841,1.803872939818,0.30904723848845,2.6031340853754,0.891483047964078,132.499925775553
842,1.84000493777468,0.207598694972033,2.92096202441425,0.988151852045829,132.88445690617
843,2.47635464227368,0.214946701735226,2.33868515602841,0.382486646628465,134.988774546384
844,2.34639923682107,0.217990900393357,1.55682255127679,0.360462738504816,133.979479382642
845,2.39083842295026,0.138398742693474,2.6617294383834,1.22432472525025,133.854579568076
846,2.44858773669006,0.0595839285640839,3.46166838448636,1.55223405967597,133.383560025415
847,2.59173103217746,0.345754319931176,2.55325774172219,0.22907843787098,134.887242589283
848,2.74414405718177,0.0719236887924123,3.24643851433181,0.181259612489988,134.081124331567
849,2.64642805699921,0.223900363008236,1.42264552819248,0.0636456903501643,134.214079458799
850,2.87648483301149,0.0132487819054228,4.61373530255053,1.92276036400412,131.047789951805
851,2.01318736389551,0.228726294339543,4.12432886142877,3.03490471657337,130.608100884052
852,2.7255192328894,0.446003295814607,2.99694157273965,2.91480538384526,130.056246228011
853,2.69837934212942,0.13484167556095,3.08480078239288,0.658473135377185,134.111472683928
854,2.29210481226248,0.0850872696224101,2.78758289913593,0.697229157254227,134.68334714516
855,2.19119916536427,0.0974178579986729,2.80165598451549,1.58077876945784,133.279035389205
856,2.02943549579519,0.221439082233516,3.42315065312232,0.435253795010991,133.394481725296
857,2.06705319144419,0.419500011557732,1.55211218614988,0.270154287723638,133.202959995772
858,2.67003276846038,0.0209921753046732,3.5391582995032,0.284398982728993,133.681933731718
859,3.20549650529558,0.171910547438059,3.2714798839076,1.31721861159725,131.888300667925
860,2.81422754910855,0.0394849208904692,2.00392935323715,1.24568549523976,132.440668888095
861,2.60789491899641,0.201601969552968,3.89374945182855,0.929259931281031,132.884462709716
862,2.82221521537788,0.438922004994429,2.68572993047645,0.398806254269178,134.253514747273
863,2.79912428401748,0.460216591081775,1.93775500846853,0.362111136718463,134.175007085354
864,2.28929235871988,0.468123918822955,2.326545967549,0.155388925015054,134.700569707572
865,2.46527845375787,0.003722107317891,1.72172563050271,0.0326931304692568,135.442054684234
866,2.27666968707244,0.0121719871363721,2.76839179400913,0.370999041287972,135.167482561331
867,2.9656568726509,0.030838178915654,2.59958224343709,0.688180078090832,133.712816547161
868,1.84939766001862,0.022622408478203,2.86316779902699,0.666510557134071,133.950053695998
869,2.59540135449013,0.39063205354722,2.4046109102706,0.664205504974539,134.247484408557
870,2.11333405578907,0.406539789361741,2.47448700199021,0.848105620795135,133.445548838597
871,3.16292325745636,1.05372422290072,3.01232023899745,0.585808615370545,132.711094394899
872,2.08343180405508,0.787481048463935,3.92835848207706,2.80911982685202,129.275143248716
873,2.06646872245842,0.982540653372408,4.64339698447822,1.99861411556782,128.443583496197
874,3.54312496531562,0.301843195224639,3.74722281084483,0.696076488042394,130.326191133974
875,2.99573005473387,0.0206697900884242,2.69246725174913,0.937318153495209,133.247956133719
876,1.85713726105656,0.0303772501792907,2.8233980846397,1.52875995428508,132.762407243643
877,2.79891091434111,1.82200082977785,2.81913659920015,1.33854419007758,130.017044949051
878,3.80091720222787,0.607393278190706,3.30524826253889,1.24049852855663,129.786363647244
879,2.14117521856707,0.119269812045587,4.85098864826106,1.2534821998403,130.996407241
880,2.49521624239881,0.0240240906859059,5.6040648392454,2.35784887801054,130.023657559415
881,1.93328334749013,0.211152267577816,1.94045844785639,0.230786883664731,134.235969627487
882,2.83047705464211,1.19962709790137,2.9480179080127,0.266175118621061,132.948844381588
883,3.01716714520713,0.154677176346375,1.50260306282185,0.381142447627467,132.78925704926
884,3.15598143520196,1.69422378920659,2.8428779743864,0.691435952983126,131.738753030873
885,3.4250743873579,1.86182694504605,2.72869319658658,0.323711410878384,131.864876552752
886,3.35651267398613,0.898283970172077,2.37597411747557,0.316939448729016,133.093537932281
887,2.38567458289211,0.883834633851582,2.04423936586761,0.431540162674693,133.180768792908
888,2.35656636781434,0.069584220442519,2.67765526763998,0.628055391086109,134.849488467229
889,2.00080078071242,0.227631619114759,1.61796643440299,0.892047929274322,132.064650406412
890,2.8723187833505,0.0576810769211803,1.67520351935777,0.79416848935444,132.618838894714
891,2.6217954965495,0.00206267497737902,1.55056944836182,0.0740994934546307,134.778320829762
892,2.6676461892105,0.056619924033542,2.14557448289978,1.27065126616072,132.998883177927
893,2.62546770031359,0.364310272170507,3.54118631026527,0.773949843764943,133.311515981027
894,2.62243474853153,1.04080796342362,2.84004069100523,0.0409262500640344,133.427907343332
895,2.88698065592848,0.60136402240928,2.08660580507755,0.225745604551513,134.311038496142
896,2.29577996697838,0.187918684530546,1.90178644056357,1.02917778287429,133.161992383353
897,2.76374514688721,0.488511575352851,3.3265200439368,1.09902360710934,133.098728765692
898,2.77340789412163,0.0227509134733484,2.03354402133549,0.873018275737937,133.522794529454
899,2.65819399090273,0.239801604416659,2.89887809277718,1.82992366524609,132.583675850294
900,3.07923948899911,1.05783191000322,2.79568800344373,1.4910223601721,131.721038437313
901,3.93104970489884,2.33131083017685,2.85890663028008,0.819463455423023,130.152688295756
902,3.81663784169194,1.08742257287839,3.70099485691247,0.536373724117241,129.95876051306
903,3.42188309655901,1.05550967446237,1.67521596800958,0.47609863807269,131.806966451479
904,2.62439814348695,1.07909236666527,2.50984181551662,0.00895697111242086,133.720611378265
905,3.32740348354611,0.593635659527503,1.93815656917693,0.285948102355955,133.027849329286
906,2.74298200470587,0.539983410209935,1.95159431129109,0.483780707553648,133.912082463282
907,2.47706775706212,0.502346271932053,3.48764934486455,0.691813445487861,133.224181081792
908,2.6454869120136,0.361836150195001,3.33906724289255,1.16438449862424,133.301655656174
909,2.19112188001322,0.147756357034551,2.47768830231714,0.499457286594064,134.820855732928
910,2.53286180414177,0.239491465550257,2.24214901646717,0.201479260492262,135.191450034901
911,2.45058912804772,0.771502719482974,2.80682129432279,0.0582132864039099,133.909022649633
912,2.73991764866317,0.689403640605415,1.68628163821604,0.26617261649946,133.732218854817
913,2.58766999190654,0.637909748730914,1.9507798128375,0.365737672778062,134.056826672099
914,2.20271242543509,0.360715931560872,2.15979044890101,0.933243559171828,133.354578196295
915,2.25776379548266,0.501662643490612,2.63830814464067,1.90530958808699,131.600761958751
916,2.99556860923413,0.415342446798213,2.74015051418064,0.703729922189059,133.541009808495
917,2.73990831110441,1.18850365277392,2.79392692585097,0.914698874769163,132.378369936603
918,2.53470472070456,1.27044463756091,3.72405892145265,0.0768931763907866,130.880145366689
919,3.19007214233103,0.94987441969849,1.23638766273328,0.315832857813298,131.199321287341
920,3.19115652763784,1.4773074313089,1.98000113499982,0.6356828771103,131.95025957518
921,4.0227169424033,2.34620164728035,2.91924101119,0.831368262850777,129.974485190828
922,3.65600426868785,2.39040758783571,2.91006145941909,0.807859478698958,130.190691195913
923,4.05120039050213,3.54577335729244,2.13925078465613,0.0843762274335859,128.650854760273
924,4.01776417933542,0.507167622275567,2.37174711493373,0.0311204254992559,130.422081120244
925,2.81803126214963,0.72914578377307,1.80310350340986,0.262253448595256,133.857670643956
926,2.2579927244105,0.435200187274911,2.92064854013149,0.999477418199634,133.462579686424
927,2.79335877419174,0.24211059922283,2.36251164316791,0.234335600981163,134.790054198328
928,3.17520949976964,0.578931453292884,1.91966140388452,0.327961521979685,133.372874791124
929,3.24276742275761,0.240818918646352,2.20988846875436,0.156921777084133,133.590682879842
930,2.66480619184769,0.601557657375799,3.62573940755561,1.11730954944671,132.667843210941
931,1.92276609054308,0.216609912365208,2.54746529487781,0.602205900654001,133.804994048536
932,2.28915888223549,0.555116515148316,1.93223594875847,0.260089970699358,134.127704587605
933,3.19264216084195,1.09737539771031,2.45441962176674,1.32601889808811,131.59200441339
934,3.00312169408433,0.84944245867261,3.31966686039121,0.369034952460248,132.84695630702
935,2.92708048045734,2.68827104713659,1.22389393071459,0.342966172419874,126.118113430371
936,3.83335307819956,1.38180140958738,1.97910921701376,0.881049718540706,130.294848896762
937,2.41640050708369,0.863891501957102,2.32018160142933,1.02675478803328,132.398822458822
938,2.80238296046527,0.723193561945776,2.66173935224102,0.271296061534683,134.10189623735
939,2.76918401314611,1.0665001949614,2.74580384564501,1.13834872456887,132.362337256597
940,3.32401483536706,0.54887056198392,2.19201612357028,0.890066849555194,132.086071558998
941,2.20488972912906,0.521834999125662,2.97946179133072,1.81468435751686,131.911018717051
942,2.69794115758681,0.115401118195469,3.41183566715773,0.335491267079916,133.810510176131
943,2.06144789548914,0.214877056413072,1.63853415048539,0.635302879834395,133.071567075954
944,2.40102866564403,0.321529257134343,2.96225399034335,1.02010579043826,133.826305411596
945,1.91787601653971,0.190892066937699,3.67511715563474,1.46979692328574,132.255559354689
946,2.1835104153891,0.22346305129912,2.68091420718434,0.18699015553399,134.895204821975
947,1.97444417276499,0.0407609227399876,1.72223211366037,0.0648027053795437,134.935821840897
948,2.39884944024285,0.0014436834422979,2.66819050379297,0.242370703696723,135.372719294371
949,2.73043490680901,1.28421239069867,1.90406902812536,0.290459760580637,132.803650977542
950,3.15538275032879,1.46016867926047,2.67122220643215,0.272554022976852,132.755247595838
951,2.90802144536073,0.395198938265561,2.54391629004779,2.02368948332747,131.209813757468
952,3.11210399506081,3.08856730044615,3.19307531820849,2.37384093330642,124.329054391097
953,5.7447552063096,4.15676965757417,3.9082392330566,1.70585547283235,123.925990322699
954,4.33115678845329,0.223209625893053,3.47807023272089,2.5939544237429,124.117029455633
955,1.89388717368534,0.0590924254952412,3.28023987317506,0.83109397326599,133.470766703657
956,2.70393626737285,0.113057726364501,3.10828015376272,0.333646989424681,134.302778004044
957,2.13123024982835,0.0502783013085538,2.29274423351992,0.106164471272376,135.53431017263
958,1.94826793314561,0.113187897779493,2.72127020460018,0.425108375312367,134.367247583292
959,2.5389676307784,0.576982833880466,2.33361275453257,0.0460784194485723,134.841634447385
960,2.70852859068167,0.0657546892166334,2.24780251697938,0.0794130575136767,135.294690312356
961,1.77643400831621,0.164980501235004,2.91141122450359,2.41173727802539,130.264916684016
962,2.61432166485536,0.0471509382590411,4.45681097441687,2.65466326093028,131.50751727554
963,2.81284864473818,0.870557663917929,3.01074497053043,2.3326883562336,130.741018198264
964,2.40282893894897,0.654120136515946,4.05118277456529,0.367116370053653,131.661934771274
965,2.21497485640643,0.0385887311085843,1.23536351512554,0.0789531075196625,133.847956672321
966,2.4185817009627,0.235135689889789,1.67103593244797,0.834080373624146,133.010409899556
967,1.86992551377753,0.144715506917133,1.99296490948221,0.783426288686799,133.10091142117
968,2.24170192603407,0.0304385940711107,2.7019897925545,2.08844170148701,132.331399515358
969,2.90612794859823,0.140778790088543,2.1435593914811,2.71431498314394,128.219957363073
970,1.77279373503874,0.139392562895955,5.30134131663852,3.01804955908735,129.114154269311
971,1.67284468647016,0.0379658249772088,3.31220818236504,0.339352661320875,132.717807417314
972,2.54111903002246,0.134736141494599,2.94526732538164,0.489589769872447,134.615432860303
973,3.56318102498558,0.787833863076771,2.00888795082541,0.440728869568031,132.05050724962
974,2.3855946702484,0.266216392507448,2.04791144354043,0.111914641703845,135.260082953066
975,2.57321124661174,0.197932129249227,2.70867040305251,0.238204037803546,134.961216387595
976,2.14986530527968,0.39097098606908,2.42184052278273,0.946007096522445,133.389015095611
977,2.85246369506081,1.08524286906962,3.10046977023309,0.852760575644697,132.563805404526
978,2.9682203467197,0.290061664487258,2.52989592035937,0.540081942454091,133.918232431087
979,3.79680053210424,0.336574464627652,1.90779105212597,0.165322866540985,130.979846220177
980,3.34261439082822,1.59009091804267,1.79120475917536,0.600486402911772,131.413698542727
981,2.7636125355077,1.77503100838697,2.09196801283931,0.399457132703616,131.36098389279
982,2.80591625621491,1.62044219844181,3.1666777655242,0.186059052653005,131.53876636567
983,3.56440327917062,3.05781424046469,3.37526318419735,0.206201531766758,128.016827534415
984,3.82733441850708,2.30747443376008,2.60136237577292,0.0861068500886189,131.241406597551
985,3.94142971701241,1.25455739511378,1.71885648970373,0.00837404688416247,131.420741757599
986,2.62006479355738,0.173958884698291,2.2720777300817,0.776425849975915,134.215258760639
987,1.94624151059666,0.0795670354546143,3.3704398866334,1.11100158127973,133.277261465912
988,1.75664677871983,0.120825497747761,3.96532055632418,0.48942503735245,131.539967783993
989,2.22668939235069,0.209700531763375,3.55355476617399,1.14793025734417,133.310060254239
990,2.44203399171699,1.20428685213839,3.54849027315311,1.88937431092415,130.308506028726
991,3.51371561286902,1.19090459728159,4.01272043885636,1.05750704691795,130.263364060589
992,2.72214562457218,0.116676375093012,3.76832787286818,0.915003455877989,132.996406366447
993,2.97506691729289,1.08472165048689,3.11959253494255,0.0469090250537823,133.014837077497
994,2.81911261269954,0.655318925657809,1.37420631888815,0.240244892238262,132.865885188867
995,2.77334615860572,0.577479255966023,2.76808634677638,0.25203737716731,134.243586505381
996,2.44040228442458,0.0692063827231537,3.49796445160744,0.131542831048783,134.031577116357
997,2.20130092411599,0.129644438412636,3.7313844505543,1.61186142876269,132.945141034574
998,1.65525591665089,0.332096733142939,3.82522931456283,1.05965885652735,130.282209854493
999,1.83341770343031,0.137237083953327,4.38747725998967,1.19349207259694,131.054683577399
1000,2.32975957382989,0.258622091808305,3.33342583471408,0.823157245582641,133.77588943411
