"i","lambda.1","mu.1","lambda.2","mu.2","p"
1,2.54795362537286,0.504241046297555,1.09003127514337,0.0964342277455279,130.083620478335
2,2.585999005429,0.837681985318834,2.95086875559659,0.11454149462104,131.635019420097
3,2.98027307227523,0.163114731190769,1.75646449907291,0.275941425097452,131.230185312223
4,3.07585535048353,0.577054151537714,2.24020102964749,0.0760017286138374,131.714657940585
5,2.3191599166949,0.713046415398482,2.30778238814928,0.149552928865387,132.218593267512
6,2.80151529312326,0.21052861773624,3.05827983761309,1.83824745670986,130.291834789925
7,2.7587005276241,0.476603597791114,3.2181415027524,1.73565505342105,130.436259151216
8,3.19386464499349,0.895491781535231,3.92840103759129,1.67865708127879,128.786190764787
9,2.23539178503586,0.398446763974828,4.03325965713103,0.962395356505843,130.510066772779
10,2.18234634113173,0.529079006518938,3.71122877837223,1.32256682525882,130.519119041792
11,2.59366403695577,0.667789841520293,4.37681081106322,1.35833011289188,129.422015735691
12,2.69077990884632,0.114802399267974,3.2074877262033,1.65076945582599,130.922682661339
13,2.87805927576161,0.683350096547806,2.72934152808911,1.52983901909855,130.168130689821
14,2.80067742320089,0.340054278440489,3.0274226014229,2.68439882905991,128.632898507934
15,2.21886623608875,0.36871141880959,5.28334848643358,2.05218110099051,128.372781497026
16,2.28624816037309,0.129928767193959,4.49960227703123,0.823821440886754,130.024335521609
17,2.2196516733469,0.0945861535800179,3.90124381722463,0.792113719099108,131.389270370538
18,1.86353008795637,0.16572522125634,3.12621599047211,0.511805978860026,131.932210783253
19,2.62487038455442,0.307679303034877,3.05911995551956,1.13708267642579,131.568776984384
20,2.39736191541047,0.433361889851039,3.36668131547383,1.32401146336247,131.261136880867
21,1.98119282449396,0.487778529177808,3.35590437990535,1.26289947161153,130.50639301282
22,2.80681947554347,1.20900338394795,3.11660933222478,0.680517731138749,130.364425270963
23,2.7173560418597,0.93941377498314,3.05232898771669,0.473282361480689,131.11348379129
24,3.22719164475359,1.05640938958595,3.51069918133706,1.828944837854,128.819069805744
25,2.2705068935961,0.797330461582165,3.86215891603605,2.18413276667399,129.169603521567
26,2.96226600439728,1.27815294080728,3.67352575094561,0.194133189493028,129.354415171426
27,3.36702899988882,1.28409020039688,4.5849675647475,4.5964888460849,124.602921384023
28,3.46067531730696,0.93332811603885,5.36982142947821,2.64104067538484,125.731540224907
29,3.51165125627895,1.9098301485106,5.01053015314145,2.80060065011962,125.575755303357
30,3.90473191752044,2.08205487802525,4.18601966991267,0.974549781420306,126.087826068886
31,3.16333491097035,2.02511520584819,1.90374389025547,1.57388980709889,125.980932917686
32,3.17059972798417,0.48954776387675,4.78629070562661,0.299654294080928,126.589464780165
33,1.77677726033288,0.175111404019133,5.61876329722974,4.38562711645623,127.026199701195
34,2.18258295484911,0.0497679663593231,4.36374340794025,1.34866063743179,130.657977282505
35,2.03306712355469,0.0207438622227093,4.42328286418784,2.41130159312456,130.333932225762
36,2.27567047509396,0.0326604177717331,4.28047202985508,1.37353699724189,130.817072786019
37,1.80133641156163,0.0215551623497567,4.09359149700387,1.07175302857618,130.572870526185
38,2.23954784045561,0.425140932177479,3.67883098171968,1.09257736051561,131.011856282631
39,2.56991889023698,0.488747782342069,2.09196683254565,0.933177137713564,131.271997812475
40,2.37750789366456,0.0447117678319031,3.06682227437038,0.774921905759664,132.550510409874
41,2.56293513575337,0.336923831584627,2.64397491713783,1.20653762825353,131.538018126703
42,2.98732388071855,0.327701568644284,2.13491386833891,0.915962060665307,130.536207840991
43,2.18752734559072,0.288969617972673,4.59804901514126,0.456090342767892,129.154565897698
44,2.46049879947507,0.580824423749456,3.02409802474848,0.857147639080644,131.601491422697
45,2.28335567263661,0.52748200563731,2.29574768320386,0.942839277473842,131.435577099102
46,2.55721046690288,0.617478740461746,1.66859531650786,1.03833489649651,129.739233167538
47,3.2461677080595,1.03619122610152,3.0519303778803,1.27894993965194,129.522116795641
48,2.25375623551877,0.313434928542309,4.46258714827784,3.67800730011265,128.627043520824
49,2.31320696778208,0.281048293663817,5.03278029615946,3.55213353422745,128.733978254452
50,2.14586809460364,0.264091770295234,5.23467948826348,4.50861428516447,127.671991341062
51,2.51416824312218,0.679622053260721,4.83488540782621,4.83706399388239,126.256689585586
52,2.64281323873805,0.51127698076189,4.9110072355573,2.15076355792726,128.751822342603
53,2.47531833213349,0.677403806911822,3.24987169357868,1.79863673363352,130.30861037464
54,2.48991661396712,0.0410148403927281,3.2135909056827,0.125460724944762,132.476521504101
55,1.50198300911974,0.15855376384157,3.84774615026452,0.690508312180914,128.788880107904
56,2.86347319436268,0.137464654332793,3.11345426688395,1.56733706685531,130.489665390664
57,2.8732594517545,0.899563306544289,3.22171772770646,0.463369221888594,130.839295241716
58,2.53393931105448,0.258519718250729,1.67548599214713,0.628360476048671,131.406333161039
59,2.13307023800522,0.0141014423603106,1.64888495152675,0.321792495389895,132.711047713105
60,2.16483784957233,0.0840243618544986,3.50920935326161,3.21117893820648,129.248455084499
61,2.171402478042,0.0138234583247269,4.57006092648104,2.91094878162477,129.999071135711
62,1.99291109748831,0.250845484841276,5.05429321739101,3.75672102959145,128.262777664258
63,1.97442868293765,0.430222393500743,4.66688077689871,2.04239162602363,128.804266082424
64,2.90934571994662,0.680429289203767,4.39469209054069,0.619113185513941,128.672342730582
65,2.12218492295389,0.117274425799742,1.50675563853338,0.0490339260338598,132.757475113824
66,2.10883626952779,0.145142092829859,1.76547843564627,0.715202232230462,131.75637201798
67,2.28203531194623,0.600239512579086,2.15996871275647,0.0520514868721498,132.595205215485
68,2.85907225693851,0.135113487072756,1.4695185745168,0.13207654557657,131.290127003068
69,1.94087731606171,0.596413013096758,3.13673292153861,0.770632558891998,130.49236155688
70,3.08708119918019,1.41520521627734,3.34402288131653,0.276653591853217,129.69864891225
71,3.53478518238515,1.59613261642508,1.54385067843122,0.263086371973569,128.819313538651
72,2.33940192392128,1.61177636785457,2.2634635060938,0.530751011609286,128.449668395758
73,2.28307353265108,1.34992078960063,3.47352893160169,0.62091201155205,128.472045274247
74,2.04113200475802,1.31834863545243,3.86789038470236,1.32247170144832,126.641956944687
75,2.7873131170732,0.58756005162966,2.9817667355347,0.609321655887091,131.525847850267
76,2.8449036148791,0.44129442667977,3.40870243323726,0.115328870827552,131.045894087505
77,3.48367373514458,0.525133128710128,3.60201441684657,1.52734853359183,127.956794844521
78,2.22373222519004,0.718778353652458,3.13277642466252,0.730622588018716,130.994233697473
79,2.55008334306963,1.21296600186657,3.12948445298384,0.752845286976704,130.0880064473
80,2.39149286256454,0.950587666385133,2.57475425130373,0.574479444712889,131.099034633326
81,3.46830265398053,3.0771070540501,1.84263000107539,0.319191973537481,125.954935961389
82,3.63213525463649,0.265593452042365,2.15663705944466,0.137058655478462,128.790042444724
83,2.06085863171055,0.774225337262518,3.43583915307024,0.250749141945105,130.026782826762
84,2.31638933269071,0.754883024648155,3.17033415115665,0.120041808803547,131.268572703789
85,2.83037109627088,0.724880779581602,2.06910268830484,0.157953585153918,132.048796071962
86,2.5012095856668,0.575539578838597,2.72976361875399,0.183333988557722,132.382249484581
87,2.41607472615377,0.073714081756441,2.65222302601511,0.431899497868334,133.048555216081
88,1.89381579464111,0.00507839887408626,1.95843421245644,0.684979180900806,132.245424445486
89,2.26035376036708,0.115955183543643,1.99528056469385,0.646344309024901,132.501341667784
90,2.09201895584255,0.0083285432232202,2.42124542376161,1.11913422946706,132.2794971788
91,2.89690708429205,0.403833859865776,3.36014766458159,0.197293252464116,131.015494696587
92,2.6873156720032,0.944741704533271,2.52749730473394,0.334817953246661,131.63411549206
93,2.62973573720252,0.0925733821223912,2.19586015499126,0.115020665432225,133.077257229362
94,2.09500064293524,0.00452068309277645,2.41576268010211,0.155025298874283,133.687949731522
95,2.61408884873428,0.495767445119111,2.12191749663076,0.0523674106816728,132.807362350725
96,2.48929243682299,0.0800339596332428,2.17747196913925,0.649562303909697,132.535749422011
97,2.31588475650012,0.215074628431928,2.33259114816786,0.75552986864109,132.476996722639
98,2.49536843415843,0.134700770192308,2.74188990867851,0.674565216612238,132.572896332119
99,2.7859214632277,0.791307118181453,2.15186360508862,1.15185210959192,130.243922053024
100,2.64512129245579,0.371614254966288,3.61734565290836,1.54572163074087,130.763428999116
101,2.76246757553283,0.719182165027136,2.97273432556372,0.971208342775984,131.10382367213
102,2.44119505594148,0.978734556432241,3.11612510187004,1.15112603435487,130.287382881001
103,2.45657108269744,0.531992149298151,2.68078154476394,0.304282318327162,132.416646056985
104,2.20753087742381,0.529092709016858,1.70105493695375,0.127366726909789,132.100446185708
105,3.80264058794654,2.77657976360379,1.95192113895784,0.00659629203000551,127.979694145243
106,3.60944701476926,1.26483912021559,2.69929577910883,0.562101565845995,129.301085951876
107,3.44656533656242,1.07738710339682,2.80158504186579,0.070578510073647,130.136228119386
108,1.86447261194989,0.430730432685561,3.47711457225306,0.493117444295539,130.462485031576
109,2.25684819111176,1.38368705212758,3.26825186416274,0.373488996698204,128.600342079756
110,2.57830049099284,0.154967664653284,2.32106381517151,0.0618571305738671,133.214557547724
111,2.41461313145189,0.231804315764944,1.66528889724662,0.0933767326034032,132.810081427355
112,2.47942142778853,1.08091419881827,2.67264383364199,3.96003257952003,123.04570196647
113,3.11673099545845,0.511896663988582,2.33795666431019,0.135565848119187,131.494629863796
114,1.95707115851427,0.0168043475280126,1.8881319126414,0.853891970624023,131.824910093397
115,2.44676643766417,0.806947740631677,2.94569084329711,1.69609229768992,130.066955281782
116,2.52351610891253,0.869296547090483,2.39574120936266,0.223250616901673,131.924205240911
117,2.77772070454621,1.96162086917506,2.40171054568675,0.116884218182196,129.105998588577
118,3.33668737491541,0.49306571102247,2.05101357330269,0.00594647773009867,130.762260105051
119,3.23864373763111,0.986909364320391,1.20434682518136,0.139969639225986,128.887530528552
120,2.88554097147482,0.326060409968964,3.06528401446675,1.57604099302577,130.397497568728
121,2.79992684296701,0.12891884324566,3.22162216750626,0.629837103283889,131.461378712583
122,2.4875789944154,0.612898520477945,2.63872399179283,0.417573663172414,132.175855320168
123,2.6105218820234,0.0360722032248519,1.26357601079479,0.121893994615272,131.301499996186
124,2.03382618890698,0.0449306246348752,2.65294832033959,0.120816303255679,133.421958591903
125,2.25948883383871,0.248730247918015,2.00894558219655,0.0947039462693212,133.277084149996
126,2.43108239011681,0.695645427582264,1.98010967429315,0.107237248152626,132.333120234088
127,2.67218466451106,0.397375503930487,2.3101271518453,0.0243481922393129,132.869220104355
128,2.21453667347139,0.354738657949667,1.77340947103793,0.106383857312233,132.732185408503
129,2.83241374214717,1.78606821388517,2.85275047054354,1.24801225726349,128.400948029681
130,4.00946270313792,1.80704364268672,3.03582275591822,0.731080974258562,127.655930716946
131,2.57896453387293,0.112708309321495,2.18589491472389,0.0698772804849686,133.243826065456
132,2.34387518709195,0.187373339038439,2.40845238811516,0.503576179008686,132.923458004779
133,2.28235325126661,0.309142002930116,1.93870071678148,0.392784095660919,132.556599201708
134,1.79915557145265,0.369526215780526,2.18446692860233,0.933860400220881,130.472297522207
135,1.67778766193396,0.14235364078368,2.24921105630687,1.08785942378527,130.550900278065
136,1.70575204830498,0.081951082027847,2.6338848789659,0.131125784762864,132.357038114992
137,2.89165846511042,0.0404421976979867,1.14889802932213,0.140619890870553,129.743127650149
138,2.79770994873646,1.13065879086885,2.97327799349083,0.0726510057902158,131.010841514037
139,3.13868842934985,0.50144545044306,3.07390420566537,0.901095151930449,130.292361825629
140,2.24392239441645,0.529966522768914,2.92188238003735,1.00936769355305,131.472716775672
141,2.04822926658182,0.782642626422653,2.51022541380868,0.860295882024117,130.321672742361
142,3.20572186135215,0.54539668219413,3.14478475542253,0.495063940092509,130.253296433587
143,2.56175851922101,0.497477974322438,3.10011252536102,1.56624097542663,130.912855606148
144,2.93317513651264,0.776717645648439,3.43454492838721,1.67149414096204,129.85901853808
145,2.53610450349056,0.274313954774874,2.96499249403997,0.758740801943217,132.158118393491
146,2.18408019115511,0.150105385054278,2.36086246891806,0.836789950150153,132.473674489755
147,2.10454723345149,0.202878931248816,3.02614863060777,0.102154143756139,132.678157408848
148,2.51838641293641,0.556101770739359,2.95644645831018,0.0672124817767325,132.201411705252
149,3.15015920943938,0.564339366790899,2.09730653218239,0.35502874932309,131.003073749732
150,2.68053317500818,0.0515738978634961,2.45260969986865,0.588230433662542,132.346471649585
151,3.01384746515625,0.483745327220435,4.0273736543547,0.0809741586659197,129.095057204733
152,2.2714159393981,0.320569839007603,3.1061785924324,0.132065548210433,132.411399385614
153,2.21063384848738,0.161007108509997,3.10491087990341,0.476129584998685,132.591737062128
154,2.33102677590519,0.0277423470419953,2.09153786297393,0.472975834643217,133.048886147445
155,1.93120716420613,0.0226578157228686,2.84980287709751,0.0188996949272511,133.149443645396
156,2.21844997193607,0.13541029553816,2.26123426413512,0.205852003377215,133.426159985748
157,2.49931736496544,0.367536892601696,3.44314918758858,1.77449935113211,130.858173762109
158,2.08790995222656,0.116204167455843,3.38097666023799,0.755126975113675,132.125915132024
159,2.46212612312634,0.638037191679813,2.81332574315487,0.904138046412688,131.533730260374
160,2.47194469995861,0.636799072223863,2.51357935705315,0.329354464865232,132.270919967013
161,2.74051497443326,0.278369486214043,2.67699371138677,0.108787694260229,132.503504714625
162,2.84924439113716,0.147676024553102,3.23194960530922,1.30385342349813,130.803443205795
163,2.83084623148985,1.10011074352861,3.7324912558478,0.457179721448932,129.669749728536
164,2.82860135679829,0.170136486413014,3.08403116117952,0.656976682174624,131.504967840768
165,2.01191733905108,0.421965010607955,2.76155483335328,0.293610971508652,132.066681150317
166,2.85715987166766,0.0669279116667236,1.95944139113562,0.248549707174193,132.022586378675
167,2.4441346451844,0.0950800237673099,3.14182747814872,0.724332893590598,132.367650020082
168,2.53021922371625,0.324419640206297,3.06426877249433,1.71438110785572,130.977459229252
169,2.68503820022205,0.796998782394551,3.67149315108624,0.299944498080811,130.383796928004
170,2.3881262025074,1.17539722187798,1.97853834163142,0.284892105936271,130.559421964392
171,3.03550866546404,0.722585112293581,2.04657673496408,1.02022431804098,129.940626750882
172,3.05243516330363,1.47685311320479,3.50280444536622,0.146549671426673,129.300774624972
173,2.7744401152265,0.234294962860292,1.91362307294153,0.227115282242288,132.267414524669
174,2.59959068662542,0.0173197564884466,2.2209331085231,0.133121919246176,133.168926978979
175,2.2185090538171,0.156817586441253,2.02591104382631,0.14711541664399,133.37885571415
176,2.26720454139098,0.243527801633383,2.77171778802956,0.0669072034623369,133.062297918167
177,1.92004100411503,0.643534370219907,3.02956017632152,0.117754361148297,130.671791273992
178,2.39955750544988,0.641096813339113,2.35731521989934,1.01838227642046,131.181411117118
179,2.27065746765183,0.439068578158398,3.64970919564805,0.731272640426286,131.1336663597
180,2.49796280804427,9.14224176744461e-05,2.97981095273443,0.700996969457077,132.521646700363
181,2.43084025771863,0.12937460129387,2.04477182277453,0.296080782518347,133.071942878697
182,1.83619445522285,0.00196936764570992,2.60996300942144,0.104967653853623,133.176927398706
183,2.03491242829912,0.190624824124595,2.53103708373571,0.698699480461807,132.484373199819
184,1.88416268197276,0.0516231183934372,2.5671196526541,0.0341059690076546,133.252221663539
185,1.8848645631819,0.0563119628814274,2.24121320436175,0.0247223731968039,133.404401033693
186,2.58386644386464,0.318622159369384,2.49161104868139,0.099180666874705,132.940834337352
187,2.80596155348481,0.393409767173556,2.75232097808209,0.570614322022138,131.829768290788
188,1.64311501157559,0.84737522600819,3.49957602032737,0.592787847211619,126.965562314928
189,2.77644846050716,0.711807306615598,4.22494922702504,2.28244547471098,129.173981718005
190,2.29563913435148,0.0518990659962863,4.30553600115562,0.782875091600458,130.581849677292
191,2.27548599838695,0.442823123975868,4.99609607126057,0.575865301964765,127.842080757383
192,2.2551552544821,0.431613839555465,1.61758124923606,0.00243131156872391,132.515293733019
193,2.20545270189429,0.0080730372681067,1.95244134026095,0.0662974735550866,133.73336745595
194,1.96561918752415,0.00306572614935712,2.23162168447295,0.0248143499819326,133.732789640806
195,1.92044431927913,0.117166857979698,3.13442481941096,0.188931587645842,132.369136008319
196,2.6680445939681,1.21503356811524,3.68760793540288,0.460847247022801,129.470591174684
197,2.56291618168593,1.54931867097402,2.81551521751119,0.542696485186792,129.423686744129
198,2.54066166646998,1.35108024343882,2.12275515191769,0.579020051556901,129.941499898426
199,3.4772493856147,1.18600038859034,2.78845149673807,0.180432705311154,129.98009576903
200,2.19264918075199,0.950734646103438,1.94523481547257,0.612349084027279,130.105927195807
201,3.75753719632561,0.645574519120939,3.17940926530306,2.77736927795798,124.891151849144
202,1.79543634627192,0.436264094686468,3.60217705414926,1.88804658860727,129.210106031843
203,2.15180576969754,0.229202280786998,3.56660918027712,2.31039867161888,130.467963056959
204,2.36253296820517,0.345404123861435,3.5841663689889,1.50795181008491,131.123522770241
205,2.53644593491862,0.610728229789231,3.11831195943017,0.674769283050971,131.58893278217
206,2.66118788925647,0.541028652049303,1.97901674586188,0.269121068548159,132.250439099515
207,2.15641074490317,0.366024391118384,3.41180940119382,2.14797877326967,130.333511107375
208,2.60554637590596,0.257374822574434,5.72999913050553,4.14200934848221,127.631722050222
209,2.33514440536369,0.540605923635225,4.23971501827894,3.45487264592087,128.423011984199
210,1.96860073510192,0.0628294413477061,4.31022053778891,0.575984824745195,130.263001392143
211,2.34721953807662,0.159455619201238,2.1002823940221,0.584974277475816,132.650546360559
212,2.6867551475753,0.130863944376585,2.1731620008432,0.565760105412999,132.202894594313
213,2.68930604050935,0.595000276737432,2.29036506216522,0.7370277046989,131.605545075471
214,2.63198556812623,0.254249124075297,2.77739617181761,0.206814003339877,132.597850266879
215,2.05275337709561,0.197398413284833,2.97824809736582,1.07011435895838,131.984944062281
216,2.30172278241956,0.094357133998707,2.12601057265203,0.675184348905144,132.640530493972
217,2.03195714862774,0.848660489454903,1.802803079884,0.339973199995236,130.217061859687
218,2.58632802798052,0.568578557409834,2.16806288230708,0.132739220844082,132.626632182824
219,2.16934024585753,0.0965054525093722,2.70707060776153,0.436715307506353,133.107843205215
220,2.62114123059294,0.572025707404998,1.96977502501195,0.0675729418933589,132.59133009585
221,2.09905031558095,0.687076553301902,1.75634363020579,0.168132615806119,131.36023914243
222,3.1833758428966,1.33486520032401,2.58298073358584,0.0264434115925494,130.852371954177
223,3.8682352492169,2.08740093224789,4.16249061574619,0.12919985734795,125.82483392957
224,4.25764810475954,2.15469513455356,2.37088104820581,0.132688857273556,127.83426628322
225,4.07965137693627,1.07393793341048,1.96243266844097,0.318042922514061,127.250953763682
226,3.73420499768668,1.12051254552356,2.9387836059657,0.722504283378077,128.496942168979
227,1.92628995237295,0.797286993775544,3.28391131422674,1.210977939532,129.130311497685
228,2.08233990667374,0.572536437098917,3.13752271337446,1.17314000491954,130.748350998878
229,2.1622165793359,0.113822111128704,2.27184065058985,0.176205688694882,133.491672544467
230,2.30498887705689,0.405729580166096,2.1565872535609,0.339176830645041,132.664074717474
231,2.30806732397489,0.477003726036845,2.40334992218086,0.852238751048713,131.825130352041
232,1.77045501443602,0.52244161376139,1.76102439788283,0.323598869527977,130.249579929228
233,2.00807951003956,0.564956302394932,3.63339746842497,0.144615077503094,130.193386435702
234,2.3484264591373,0.493436895789707,3.69057204867776,0.204953220470522,130.941766720056
235,2.58002103535603,0.154453306222849,2.48981200646702,0.295919439279637,132.89921127473
236,2.05601681495434,0.14765280049153,2.18148645662363,0.227515852872452,133.220982832198
237,2.53543401064896,0.224882919958,1.94047454185432,0.673554342490546,131.944881955286
238,2.94565088365453,0.116200838297912,4.31456041197485,3.18009090777285,128.12613019694
239,1.73931913620306,0.162154061681533,4.14876930506233,3.34363955389843,128.225659270186
240,3.28901365922983,0.91092671291605,3.69189897788096,1.10425024104891,129.032785717479
241,2.50596866125351,1.3899056904899,2.30853253829582,0.395588837058312,130.141158055623
242,2.44201408929385,1.04676939808111,2.92898028901917,1.87876634110258,129.084108297276
243,2.58862673076801,1.0869074278528,4.63438061660492,2.69998696240099,127.889666275155
244,2.73360605579078,0.413331537125241,4.22355245032701,2.64490855593393,129.279856150014
245,3.07312756490019,0.162859611095224,3.87195272721443,1.73164165257042,129.135842287615
246,2.64544851266266,0.935769054657206,2.69938955549761,0.323692102837027,131.570054002274
247,2.78000616744027,0.637545307882734,1.77195778949604,0.521560013390706,131.111912088479
248,3.20621600247349,1.80363401815582,2.28806657448845,0.598830903438708,129.421128102852
249,3.22113536730788,0.963710431701322,2.17509171653029,0.355317049815476,130.777448179029
250,3.34773560730144,1.26652903501767,2.44279011491696,0.6499982451088,129.962207472453
251,3.24248537891564,0.957391183955307,2.56705673258259,0.270877685581409,130.822609917121
252,3.40514245037115,0.432809145328937,2.47393357905292,0.255122136845291,130.079524852617
253,3.3825999649363,0.639006868662748,2.08332227759271,0.811495750793362,129.272682816074
254,3.08454007578531,0.406433821342306,3.01495292314027,0.958070191646891,130.453997234546
255,2.25191448068725,0.479020027120542,2.93164655078553,0.510175728490314,132.062962836903
256,2.02249419450752,0.000519648911418387,2.81488335164311,0.62227770006992,132.96802014842
257,2.55403614755716,0.0226053804005715,4.07073262725061,0.54525615241064,130.657142625517
258,2.75421842438897,0.243823776867633,1.36388742872191,0.0796657805221038,131.368249847717
259,1.88613244121919,0.0395726414353171,1.78508710540598,0.256868157326979,132.724905237391
260,1.70061127301329,0.502385060454829,2.9640980097989,0.640624699918691,129.853529664065
261,1.56602624894939,0.19184971235772,1.92814730851093,0.674408482878574,129.998805776052
262,2.60308934807231,0.160361704798152,1.98705774160322,0.690847369197414,131.918574507769
263,2.39101439565489,0.0676317179835427,3.20759046235109,0.0757250091383771,132.622722699481
264,2.19187764367491,0.208882409658134,2.56317908580378,0.510106500054911,132.863187416465
265,2.61139169760357,0.519013320420105,2.28431123138391,0.430200352144343,132.282295837519
266,2.56995192404018,0.440489162757326,3.3520119274625,0.241588119823809,131.654333799926
267,3.01802214053513,0.863512289326878,1.18574599759949,0.206368387927906,129.185896212678
268,3.29576878480688,1.67285300505912,1.21583165364232,0.136879139375485,128.169388419812
269,3.06189417106621,0.321832205655635,2.18101828663336,0.685399520709372,130.766394942343
270,2.769849912524,0.29914420609717,2.40881887570383,0.808029537040145,131.66985117144
271,2.91285275255425,0.161152184657594,2.79597500886198,0.705880746305477,131.384511823601
272,2.08967982476285,0.0641205765933186,2.35924310087096,0.10848516343073,133.622281080434
273,2.29049874475478,1.30943547556206,2.76377250785808,0.97525641099205,129.030496831988
274,2.4944743805956,0.519466694404626,2.64822409572716,0.777836298772913,131.939534329554
275,2.12586606299712,0.0811471205539301,2.55390632205753,1.51283655519047,131.54174192115
276,2.22319950631516,0.777563681048284,2.74073879848507,1.67400325734085,129.687680558529
277,3.42397502010866,1.90142162631426,3.18388919019056,0.434552784818317,128.828361021535
278,2.76495658189637,0.534680877879011,2.10721236622356,0.406469074164648,131.974581727826
279,2.55457435473841,1.01056804854551,2.25801378941748,0.099630065705221,131.765620842081
280,3.51090082754274,0.700887211962132,1.8965411866564,0.664021031659902,128.761042998926
281,2.15808719404779,0.279490881719872,2.61089445713179,0.205380324746904,132.960046430725
282,2.48577901216293,0.117720223346301,1.74261557048945,0.374917111897273,132.40504680025
283,2.49128988453544,0.226720964954109,2.54894436454443,0.854701460864632,132.2641810461
284,2.38199403227307,0.178248212449079,3.06469104793205,0.00832051004773403,132.743346831531
285,2.61462380236821,0.506794370496361,2.29642735140112,0.0470326491938213,132.803567704874
286,2.29122735726121,0.197944456208779,2.53775286642446,0.155099862256575,133.291898108912
287,2.35128781792504,0.853887311115176,2.10776486305275,0.17016057480923,131.802096665483
288,3.10120970340645,1.42427798959281,2.25245634932277,0.122492931001116,130.862248178716
289,2.59117483498402,1.64512451032692,2.79393399686206,0.711661991542688,128.99809255967
290,3.19062688232871,0.883191348128283,2.95590339983795,0.697075468517753,130.355889135544
291,2.51400587891481,0.618371825755169,1.83558920958747,0.329318658160363,131.925537600521
292,2.33814815845314,0.570605621796821,2.78151738515114,1.49598252952835,130.793891801687
293,2.50760931222677,0.974666199200871,2.92109296245314,1.69584739808868,129.682269616803
294,2.95829621939031,0.544992663459135,3.36499821744693,1.42128416027493,130.221060233284
295,2.9278811090761,1.27555150799441,3.04374352163078,0.908351411721544,130.097596779255
296,2.52200390945656,1.18866479453957,2.20833364043568,0.900234520182957,129.913802538362
297,2.94909781777137,1.38895747060452,1.92223981768251,0.373240796179473,130.371382398929
298,3.022975483109,1.74774480237086,2.74629693693879,0.0296668552813344,129.973686142506
299,2.4310234284509,1.50649196710138,3.16893947356385,1.13969655746821,128.427080741117
300,3.65429588659159,1.31736799887798,2.84189302071242,0.131707346870023,129.379357359618
301,2.92167825037969,0.0750846088532599,2.88160047248747,0.024480141487603,131.74161192227
302,2.52127111836204,0.292430219800887,2.99984910486869,0.420383299765841,132.368982750511
303,2.275537776061,0.0459870995581788,2.2361292583236,0.476030327424247,133.169388650581
304,2.04469370110372,0.155928418294687,2.6514969198093,0.102263879485236,133.172015287182
305,2.69173795992641,0.222864985887143,2.34643444476844,0.0896990051368143,132.876751228541
306,1.79253928467199,0.449404278790578,2.47762699735589,0.161613010044113,131.387630497666
307,2.42812575756273,0.125946475415706,2.10222713535931,0.355008191207229,133.026424900602
308,1.86243726710813,0.103871064797821,2.32316545334105,1.98976054622431,129.527042075146
309,2.74496431212005,1.00810634458072,2.91447368862433,1.97811813661746,129.209765088061
310,3.05899603546015,0.881742860997002,3.57365072711635,2.3894195531398,128.641442358109
311,2.16975159084483,0.28995898750538,3.48699982769182,1.14267318273031,131.480855145824
312,2.4050632998312,0.487052997853455,3.36128378422287,0.584971425997087,131.577925597755
313,2.52659668328916,0.928285809707366,2.87501137750087,0.909503331865707,130.872891910331
314,3.08930218191142,1.1272890565519,2.70146085628672,0.992211571174593,130.163323805183
315,2.70067571010832,1.25439221440596,2.6738730474321,0.297831851420605,130.888300701032
316,2.38113754840467,0.303112699271834,1.77922760350071,1.64230064388526,128.979609985864
317,2.93208978874276,1.14930529979549,2.06509917107201,0.0277842637169911,131.543038528884
318,2.93347666058711,0.377933264629821,2.09091622993389,0.0443408426215587,132.203132562821
319,2.28695823514883,0.824955184568545,2.26285034088237,0.144731964166717,131.839995320378
320,2.64330767321605,0.617621767402412,2.50145905862899,0.0980876407144923,132.478309601816
321,2.36486406946725,0.67933094493715,3.09710633077742,1.43563263046726,130.697389895631
322,2.10619815545569,0.332994068196302,2.07546341311408,1.62446298627308,129.759271565004
323,2.5626437262645,0.306623920537446,4.28943111232418,0.547808183976379,129.875230104313
324,1.93599787750867,0.567363457361687,4.66487815172136,2.49647274719573,128.063714759807
325,3.10268468477841,0.488978556100072,2.96989527506925,0.106982568330396,131.019269381797
326,2.53964732214936,0.340361770931148,2.18777812346042,0.0190294347388538,133.154287873052
327,2.43622547635928,0.0813776836557326,2.60867590341539,0.125474595576748,133.318985551987
328,2.0950414883007,0.26093415603018,1.54398066609901,0.237721424049093,132.019733237663
329,2.48417548226266,0.065491116376214,1.74075460431412,0.706422369601409,131.668663600626
330,2.13119186723085,0.0352252120157105,2.52295908470789,2.0527363141447,130.435567422547
331,1.89271904416855,0.399881408392433,2.48734843996152,0.898639657838248,131.097850559603
332,2.11669513200311,0.338950184407651,2.44754166157568,0.0190307064160213,133.024183469115
333,2.1376247926055,0.915005162261651,1.90438504939296,0.323803925376101,130.571421776332
334,3.93457986993665,1.53769625068948,1.57704774420076,1.48750907448333,124.222768947662
335,3.78282245229785,1.55165860909045,2.24917769933245,0.694620680334132,128.493978939126
336,3.25968894985433,1.31519412091452,2.0182668301969,0.353207342478375,130.324145179875
337,4.48940930608011,3.54355790486533,3.5285624290897,0.558575307978316,124.593741592598
338,4.72293404746306,3.67602351252904,3.62607297889008,4.85871497414523,117.430028597538
339,3.91939294888615,1.8135779735271,3.91735032455663,0.0364450057711195,126.412874662203
340,4.11816940050164,2.43902275358791,4.00915269907233,1.48652130130441,125.653415665468
341,3.83440347583066,0.393312454738044,2.69279760406745,0.342231272882668,127.468784046443
342,2.57125796431491,0.108116376751435,3.00586719589167,1.04118680668342,131.960740036696
343,2.19336292309964,0.351124637225275,2.05305673493051,0.0492353924614368,133.097816612583
344,2.41782427374732,0.276402158309737,2.08907616486572,0.1304480831274,133.180508921691
345,2.36113143243086,0.343036025596832,2.49959066852491,0.0891181991449208,133.100358381223
346,2.52267168007177,0.0242871369175308,1.79225638968043,0.378313216020797,132.508461442586
347,2.03711038581461,0.218022912959461,1.9604786416614,0.380612239996953,132.566730268381
348,2.62469384522579,0.0352659244283304,2.82933031692379,1.61483023581278,131.091240902507
349,2.14958356608529,0.416955863990969,3.39002148661204,2.58587710075709,129.498908768848
350,1.89604374133691,0.369892239613946,4.6266054468799,2.31353374702883,128.752580323166
351,2.69565883043432,0.317684488890694,4.19462098193578,3.93862643285166,127.667876320979
352,1.32006915468458,0.493680871527992,4.10033880336371,3.56619146919431,122.62840997525
353,2.4735650774821,0.634290237060228,5.82753780762537,2.76369475758975,127.12569015435
354,2.44503339693043,0.633887397891204,6.85852365510215,6.39155421993788,124.91906311081
355,2.31274054242134,0.267918501614127,7.01506949777774,3.69790157329987,125.953462890916
356,2.25586681131916,1.43907063792304,6.70328364441523,4.91483879914966,122.885245054248
357,2.5904212720157,0.898590717388275,4.52394535990331,0.505664730409856,128.23602364949
358,2.88191882133819,0.74705530460247,2.31938698944868,0.786804985635726,131.075768762819
359,2.54241828383967,0.853975474132632,3.3453675009367,1.67405271417529,130.076989204123
360,2.36025906509326,0.379330779786968,3.25491606726942,1.32610040435355,131.433136749312
361,2.29575994994734,0.28706900274068,2.61845137029587,0.558538887988912,132.669058101553
362,1.92902230558554,0.252534403484402,2.50812497275294,0.279540678830452,132.552934684181
363,2.54088069886665,0.383664390078423,2.21020403299488,0.542948829603218,132.327992888992
364,3.01110778827738,0.678014405521376,2.48570794313974,0.443478009147353,131.394495643225
365,2.41710814726126,0.53780779257132,3.01577290451472,0.479567889189353,131.969685586937
366,2.39980906276588,0.737284450383037,2.36112166863667,0.229901896997325,132.148444611482
367,2.41202761382214,1.08051243727687,2.48632684203932,0.169557973033986,131.212861970288
368,3.09336970828385,0.452248918596798,2.24929132147538,0.201095466419449,131.487952497392
369,3.15493836089869,0.352218071548102,2.24369850093724,0.965350497260842,129.956278269765
370,2.28223926911775,0.318566403793528,2.12094420647741,0.611777839742817,132.344236808266
371,2.47258284769051,0.990583707476889,3.18787565290718,0.162295146640306,130.795977970155
372,2.7884471608234,0.594563512378599,2.46213491478447,0.16322264442906,132.265456554079
373,2.80436948370022,0.655007415614918,2.54576477446576,0.185896204219141,132.110829361401
374,3.20243827078545,0.43384550425512,2.24454958238901,0.398551747578365,130.782862182277
375,1.6897747619536,0.346573717160691,2.39389811005885,0.285476053816162,131.137624201708
376,2.82067939941437,0.767457883146719,2.11163382308095,0.70241324999766,131.099226298596
377,1.96948551431662,0.50667210258486,2.65700445440737,1.82069740093942,129.488271396194
378,2.36266275843738,0.101639745723568,2.59359450709987,2.19243942271118,130.05899156567
379,2.13915007354071,0.251889075431142,3.34319318349691,2.26510855177382,130.414359773217
380,2.63305636622896,0.0626236868921229,3.0718330300474,1.73643798791716,130.970853021133
381,1.99171668777562,0.29247365585742,3.15636191644442,0.961005341078913,131.580458529066
382,2.76294220466575,0.285288843280545,2.32752284827939,1.15960686124723,130.996398851942
383,2.64533575433016,0.0976081638033397,2.48786011462823,0.134917474346126,132.952135245392
384,2.09079754951227,0.199865592399636,3.09810652848337,1.20059693482056,131.853579420547
385,2.432543387817,0.184911253841212,3.32580138195847,1.19343867529081,131.777733471448
386,2.66815651867729,0.419997329532321,2.9122640919733,0.66344275593777,131.912756973192
387,3.08440212356084,0.398107015520747,1.9415670477983,0.246462505830971,131.249293337732
388,2.31534232480006,0.401298690304584,1.6924652166015,0.16340353423739,132.430945684502
389,2.70194886239875,0.125938924527585,1.33960177922988,0.200593239598547,131.128236164973
390,2.23787084271445,0.00637733275686269,1.73226286040072,0.224756284350271,133.122763216559
391,2.69339319701616,0.0334790360664838,2.83994908267834,0.202537839807847,132.490190378598
392,1.74569381991109,0.0433081862601394,3.04519835857551,0.120312869619785,132.190214254065
393,2.40562460728151,0.372155837292892,2.18299619266483,0.960664111787748,131.643980607629
394,2.62851233325505,0.129926295184938,2.60417915650632,0.879231202147184,132.071333588104
395,2.51172362605048,0.103118789224323,3.16371146735229,1.20892971669395,131.842472697548
396,2.37631069914563,0.0681334268797069,3.03376786668085,0.126142064798527,132.91615272948
397,2.09609427859092,0.155866685063512,2.59661998016137,1.48648922783036,131.436402260407
398,2.46961567757798,0.291352374271231,3.01253646526194,0.334166972314527,132.460576257237
399,1.94479719454981,0.0520614834034426,3.62955593357144,1.26668818029132,131.527921744917
400,2.80041714845403,1.21541274665999,3.13865175423098,1.64764989557405,129.396934701199
401,2.95197071027983,1.01908898465498,3.43893764239234,1.65694952060674,129.573139829922
402,2.67917287114687,0.47949083191965,3.52457400583362,0.854096648241894,131.057940145585
403,2.19552801133227,0.317454693571651,3.12691056908273,0.17318679598653,132.321534293339
404,2.29168234967257,0.163772682966543,2.03701127388755,0.364749739328705,133.002772978066
405,2.16775575769067,0.670129310603155,2.59417231097895,1.16787834601212,130.664476041872
406,2.30903123128451,0.664330087886037,3.23986215759379,0.578521160990062,131.26336759442
407,2.28374746708086,0.494057393706167,3.29968497003281,1.04560745429514,131.343366993637
408,2.91459508509005,0.576125847257751,2.93937610625223,0.883513033285366,131.05827368901
409,2.44634659595933,0.0135759051193974,3.33945942489642,0.911487493915323,132.125177773647
410,1.80086878605765,0.0749112680822451,3.54246126849197,0.586530904387064,131.384464984316
411,2.04456830194611,0.0516578161444428,2.49622701215442,0.638690666266777,132.934121844787
412,2.47513040818396,0.837357845702121,3.57175334615664,1.29930568857527,130.241356357833
413,2.07775502361594,1.20635100915374,1.87497371358927,0.11886168936301,129.414439076076
414,3.74350960129997,1.57674665137105,2.40910906181001,0.0294940853047024,129.544141150495
415,2.7831782754702,0.685946504416907,1.65579082349287,0.119499759444273,131.702148657773
416,2.43474408706385,0.680614166741764,1.41585114211289,0.336635232880304,130.640217918146
417,3.19612686497864,1.61656204758629,2.32770236091986,0.32226631382967,130.205606146182
418,2.95220743381626,1.06930267530784,1.84080663979072,1.12225314557081,129.025608816702
419,3.03730083278942,0.905861130592844,5.07616663800175,3.35715975885963,127.174214180038
420,2.3498740028531,0.170537778478681,6.3633566572861,5.49757210033895,126.754875480288
421,2.28660634631401,0.139809428768376,6.86775013926706,4.29112663559217,126.757490214239
422,2.1235964638058,0.358245302529623,3.92006384100289,1.97655581516596,130.307784621893
423,2.55714870269158,0.250075819561149,2.48912578300633,2.09323486414913,129.663905176833
424,1.92403593671778,0.0549561607518673,3.00709887623252,0.653410286225145,132.485391226862
425,2.75856772842139,0.118349370311014,2.62481607140425,0.69234497646729,131.965404471015
426,1.60362825155719,0.00324665489197097,2.75185704371251,0.406608502024908,131.81360348908
427,2.50066889725935,0.269553908776497,2.22268356127696,1.75608688971021,129.981565127117
428,2.31727118057155,0.314311085620153,2.17461008551017,1.96621554719109,129.336961677448
429,2.75371372598876,0.158878297939853,3.51393352035501,0.648514009810766,131.175609466037
430,1.68824459516153,0.0436750174133504,1.49414118109904,1.0101653449624,129.129454984163
431,2.6052514849248,0.0185030556028396,4.51069370616809,2.75250217228001,129.560426736692
432,2.51602908609993,0.0627213798155178,5.0543349465562,4.91953734250306,127.147209649414
433,2.4872767740901,0.251075271778352,4.30070235127736,5.05272022320536,125.817596814738
434,2.22049629947773,0.19975949732681,7.68719407239124,6.3280620167714,125.541238643483
435,2.28321239454058,0.492940143877905,5.37391176302277,4.97064514241022,126.665700239574
436,2.1592802131584,0.50423760366868,5.88464795944157,2.92631801916592,127.090352711629
437,2.08338529670355,0.695165395522576,5.63231216392676,3.9812809143095,126.541767739429
438,2.09167495911554,0.178579055028654,4.6022084906217,1.2373920598957,129.799848606984
439,1.95884403723376,0.0926614299083565,4.09542066113194,1.56691492266887,130.740111825504
440,2.07248819138098,0.233647109149478,3.99197985800023,1.77926351418452,130.613395908853
441,2.72584139195219,0.613416505416625,2.46340052232754,0.00563461991840242,132.49775514637
442,2.39879057146874,1.17640620774609,1.77400104002797,0.0557564449932514,130.753265485571
443,2.82016361098237,0.585260858822394,3.64636237698653,0.156127059865845,130.505023806295
444,2.38427997862426,0.945180547357755,3.63848443168615,1.239956234875,129.784815659785
445,2.68656151109403,1.0637189071377,2.07787733060652,0.895930243154654,130.226049641834
446,2.53084791132958,0.41501236012821,2.2353338161107,0.126036611311183,132.925067682269
447,2.85197369858829,0.151073868831604,2.58203004276813,1.42026889464347,130.533746278657
448,2.41562518755248,0.659357191064442,4.30131417672249,2.73357303106914,129.02787806542
449,2.52906710184411,0.422469927770568,4.37849239516108,3.20504558799268,128.960836645675
450,2.42580021212554,0.279426499323945,4.28162685046215,2.91292211310165,129.596018317399
451,2.4845540523117,0.00981332638440337,4.61719795860813,1.80793186832587,130.004842923473
452,2.29809813614133,0.113214374949825,2.59447736664723,0.242406608548856,133.319239496445
453,2.25192033731661,0.0734970615270222,2.4824459295624,0.627118204644903,132.99222992676
454,2.48496773985738,0.103732796307859,3.24483896835329,0.624428459002267,132.230748651493
455,2.21047403868226,0.0394207782664489,2.92243329352694,0.101318077893676,133.237666494851
456,2.10597379708157,0.552182637143178,2.88882540475943,0.682936834574117,131.479310694287
457,2.94794210145651,0.507249365029717,3.01966685204379,1.0915791443271,130.75505219581
458,1.79773844439015,0.100671230851146,1.97211970109604,0.888358816712621,131.22202117957
459,2.19970346840724,0.402504172154097,2.93326027418978,0.754555130925461,131.996345815854
460,2.55167422118122,0.947979460672212,2.41926653025524,1.17081812978605,130.329284563983
461,3.03262251198644,0.882401870108364,2.14723548708907,0.128964952739583,131.604269949073
462,3.15227202122358,1.06317854228328,2.28109667695571,0.0825523802393169,131.282653525609
463,2.95594065811762,1.21780712614469,2.46789138934649,0.123369089017163,131.262106806575
464,2.79198990994226,0.484702706806596,2.32411817190333,0.394542432701206,132.090513586835
465,1.74010528118075,0.501843153405149,2.72673241978232,0.936941336189432,129.905934740146
466,2.695773777112,0.657137031614215,4.45641985721354,4.22925657127023,126.990450827782
467,2.26651621467285,0.49694100529778,4.86108485553689,2.44603861224138,128.901275674205
468,2.69139842868134,0.187295290472339,3.07251513567499,3.26525307894288,127.683878980554
469,1.67261499722302,0.535009878436085,4.60301670362742,0.102302886326307,125.971065563539
470,3.63175197316435,0.640703988280392,1.51651905303571,0.352759089737865,127.910068467117
471,3.04635700942209,0.832573725881341,1.9573493111714,1.1013813380894,129.467989911751
472,3.08632206910642,1.14375267675341,3.39607364445119,0.283114347751733,129.991455534269
473,2.87169552273542,1.29936827830157,1.8045798193834,0.154333774791965,130.823366658353
474,3.2640042076784,1.39932237578813,1.83489209979267,0.0899286728476391,130.498264869916
475,3.11761731387464,0.512190469003838,2.28306150384791,0.129433210254385,131.505850831413
476,2.6000083493933,0.921924214381728,2.0972332906037,0.748670932051328,130.849275876613
477,2.42113333536673,0.693748067309921,3.21137964933137,0.08497751112376,131.483045699714
478,2.57635506753144,0.546596045633309,2.33364804479732,0.0804796559384196,132.734742883103
479,2.49891840010112,0.603798064042828,2.06926065677423,0.0635032307446669,132.670561970364
480,2.40276439345524,0.296397476484171,1.85999532804666,0.0873863658987106,133.04145142243
481,2.36117984384453,0.134408941324638,2.25259176045261,0.255477604014847,133.309324562793
482,2.40616392706483,0.849563956777976,2.51533300429283,0.149948128025111,131.89265907379
483,2.61599137530355,0.471405386877519,2.48659452041526,0.520742951726213,132.247067487609
484,2.49464763470681,0.22148390634468,2.99098841886237,2.15515614948699,130.37639603356
485,2.13154703374913,0.197627777098377,3.84805736822973,0.99608879409751,131.217280933407
486,2.67106672907917,0.406499057603186,3.15764549007059,1.21430398139239,131.269617491262
487,1.93793466358887,0.596603490432274,2.97977332780536,0.854311950570992,130.535265029197
488,2.48137112432738,0.0343453605615844,2.90355689727753,0.105922861939469,132.985513651862
489,2.16521769358501,0.059948323280982,2.36273635625746,0.535745995453762,133.123048430246
490,2.63049719332316,0.73993356242453,2.10173846905901,0.00242077789764688,132.480327783466
491,2.34117643838909,0.440785012134793,2.05643911452712,0.000870652805697695,133.072064701894
492,2.8425860772486,0.532426572701144,3.87432955741702,2.64775207535274,129.048975716695
493,2.26611443106853,0.28013684887519,5.11482964430795,3.58719011667922,128.653354391668
494,2.56149819181133,1.24702883508782,4.64799954427104,0.919499748772842,127.265366679518
495,2.86027301237218,1.70384491475425,2.97648116871204,2.44569374786022,126.716490180898
496,3.51204180631104,0.308774866319642,4.26226055772254,2.41170055759425,126.385846851608
497,1.68715573860524,0.618296904827192,4.58667720127186,1.06624304300274,126.455084980933
498,2.95341872474265,0.343766611216805,4.62367380160099,0.871055224306154,128.273679442564
499,2.43511205843989,0.0600317007849199,4.47952419895877,3.40092093427879,129.296169603643
500,2.55911558408674,0.618480928907837,4.76648471898629,0.591396053665028,128.202543431765
501,2.75247187958615,0.43537513959441,1.84835392755133,0.191826462430813,132.19025175112
502,1.80931871047674,0.206272354699379,2.42410422565648,0.326600173285359,132.257486756079
503,1.6279799087771,0.392158677921118,2.89160270804833,0.480588957487621,130.065155387189
504,2.71456842048266,0.204835163091859,2.90925535318289,0.0362082314693228,132.37094449293
505,1.76934031359449,0.429814160717762,3.18569381232146,0.305813456224175,130.51153268045
506,2.64212228253472,0.623746203084604,1.94035888070417,0.0715677140987049,132.4642344552
507,2.28877323188254,0.67098780053663,2.95796014326155,0.511710152809669,131.575815017859
508,2.46943007445273,1.18720700543497,1.16097207476708,0.366187121961567,127.962097013544
509,3.0329355433142,0.424646494335532,4.93616034677054,1.33433979299178,127.540643796112
510,2.83698951228175,0.475728712257986,4.42068759163159,1.30935954830204,129.200153131572
511,3.01847069378368,0.0319729518496102,3.99494528856398,1.46085600417189,129.256196165899
512,2.94325864166083,0.0466681601527039,2.90447376434966,0.918407348435962,130.96067522069
513,2.57533124984403,0.37015862029122,2.94537621815132,0.72630349285684,132.032092035617
514,2.71749515437033,0.295750123700299,2.2913742981988,0.790678506538272,131.749571669536
515,2.64542318417569,1.31500203378385,2.36978258475928,1.84699199819117,127.927529472543
516,3.2827674490793,1.39994129361771,2.98242490784149,1.78526819948409,128.455094895154
517,2.42042342373023,0.274191683880614,1.2515473893402,0.641953574065008,129.719087538002
518,2.15047073106633,0.0880651818252346,1.22664261887999,0.122460428647795,131.58565174149
519,2.66318716125717,0.0468509717234552,2.42157265523904,0.0267562234313378,133.065733489166
520,2.77288714328802,0.749114229098033,2.27580004358982,0.0408389022842001,132.303108847709
521,2.12240775219158,0.830561026671016,2.51670648468023,0.332942098262663,131.097587742308
522,2.56766432902565,0.388139134760992,2.69486737210033,0.471714746916624,132.408192145968
523,2.21609665302627,0.50860427911304,1.29637941880286,0.190247314958102,130.767574283667
524,2.89080096386397,0.267752029804168,1.27340594069913,0.195517190792261,130.255308501514
525,1.73446337861194,0.154332312801367,1.73067563770199,0.345112555446804,131.482983004678
526,2.67406180093622,0.612114511200736,2.84077247105183,0.866405804385819,131.515018043238
527,2.85051434439853,0.448200857584873,3.5214225869572,0.704648651002361,130.77741109591
528,1.96935542290921,0.733384221688453,2.21970202945873,0.817834915652319,130.053595057132
529,3.36356171024567,0.748384775997369,2.78861418613924,0.650116037246906,129.933126999685
530,2.01502139354935,0.701302300419174,1.98021565073505,0.12430169259005,131.375741839137
531,2.95482282531723,0.96817470255162,2.04326359487548,0.885651404237275,130.186595751696
532,2.89689652215806,1.2437213988589,2.01251356756774,0.663117870886551,130.225059032519
533,2.60326931656961,0.742958083630787,3.32843144067039,1.41028586649323,130.586364167698
534,2.35564419647943,0.773096814768842,3.0055361609111,0.473224372598804,131.367471213771
535,2.61008229703836,0.469379370916626,2.36617556747402,0.609482856568905,132.113312211238
536,2.14922014053708,0.476741731739671,3.0109316349348,1.50728175074228,130.843127671147
537,2.06391386975882,0.551090234480614,4.43924701609416,1.65503498591248,129.047330805983
538,2.9688554103454,0.220812260039337,3.57670135203852,1.06799613855367,130.241633805771
539,3.20012300465031,1.11864651403119,2.41111193994867,0.0177067050122978,131.167900421004
540,3.19533329320636,0.497487587867204,2.28406224289533,0.229553019748775,131.087745355827
541,2.94530738013367,0.628563481511541,2.53864794442569,0.456318311384344,131.560574438758
542,2.32484274307368,0.0535285154733392,2.84249801270713,0.178058273024685,133.218901225237
543,1.97280907704295,0.214839840225795,3.61229933370055,2.09440321402961,130.46039252151
544,2.08797554922918,0.274604063609511,3.82016835379342,1.46082144171924,130.873025989403
545,2.89517685632018,0.0423805020323563,3.17038877411883,0.205811542525308,131.336249927394
546,2.23079075283672,0.07804638772646,1.93283030411813,0.175196429614971,133.398259083926
547,2.08802449477158,0.102243396253132,2.50125978903374,0.170628865905738,133.409988943322
548,1.84029588423368,0.129602188425752,1.69338573577778,0.41446814171678,131.758630576747
549,1.82461720099467,0.0517650006914445,2.56466152218259,0.570126103091084,132.533912325074
550,1.7905718353075,0.160476232805429,2.02829908601341,0.220102132884837,132.381032525639
551,2.79598770161748,0.392471097191424,2.54359875547867,0.351052688033685,132.174755379668
552,1.99344663676129,0.26716400478124,2.14846380053208,1.2455495003567,130.815925309079
553,2.03763939462853,0.305635040161738,3.04469210328808,1.90073666136469,130.538254129783
554,2.03030649681872,0.21375187590277,3.25050177007091,0.0854026950376067,132.155006232797
555,2.36061725388021,0.309491145009308,3.41932849264664,1.94449363328907,130.843342235201
556,1.75126549938848,0.0374113878711511,2.18060174979363,0.81333841012753,131.748159274926
557,1.72741101830194,0.0944224218065188,2.9736581478137,0.548918708164325,131.793726557777
558,2.85461796433427,0.794236699578545,2.45297518699389,0.891969612154646,130.981234806218
559,2.05387624628635,0.473722249987333,3.36485966307236,0.645511229852863,131.118388302452
560,2.42118082952733,0.3591250688889,2.38317119576504,0.802466711923331,132.144794337156
561,3.14502689206105,1.13594716759584,2.23797238937051,0.461488184003384,130.696470428425
562,2.73289789121852,0.539025886956906,3.0254519482992,0.336021407809304,131.789445409126
563,2.55762423644767,0.135078880572398,1.87056316984775,0.449518092656693,132.342816136148
564,1.50144677358508,0.151176560325806,2.11378472326623,0.0570364125108603,131.018044753943
565,2.54236564684726,0.341170352564984,2.8526324200536,0.432210000346625,132.421622934714
566,2.32388573179897,0.968737368873554,3.0327408823213,0.355590597302735,130.750618382263
567,3.44758699460781,1.23588189683163,3.3044643044684,1.98072139359026,128.005156668061
568,3.33366222978044,0.526713652914979,4.29598413275965,3.04038118743683,126.917043821682
569,3.42463562151252,1.80694266382988,4.32697606315906,1.59599626566666,126.986544641127
570,3.26375586538682,0.0516018510216326,3.52242030920031,1.15651544766982,128.800425734457
571,1.88460433407645,0.0656710710556733,2.7634788078779,0.462099800174338,132.700420886948
572,2.21360100348493,0.103415913858225,2.33302396808242,0.888420948070576,132.464714341976
573,2.3167754322807,0.0763565939186384,2.78594401426755,0.420044591480144,133.075759384262
574,2.35274766400051,0.00980737115854335,1.77433951929586,0.26656274420938,133.013652988248
575,2.70229406997378,0.0982276508586876,1.6059470152242,0.433810127268813,131.444238298068
576,2.90808339611062,0.193763447188535,2.04400072842505,0.994356759017287,130.476435814535
577,2.38152568704301,0.0807362725755126,3.00671081976788,0.615673605160953,132.670983880648
578,2.12293534385338,0.369105847979027,2.37355029370717,0.396388770047078,132.541218717269
579,2.58120279586226,0.478031343726897,2.4371621136253,0.837980490458305,131.813557136993
580,2.61877352700916,0.678408079604874,2.19703945643244,0.689925805338601,131.549525600535
581,2.94829923159602,0.131207960860108,1.63849655456146,0.345426182354641,130.920514232421
582,2.49546263960603,0.123602657582072,3.30971855450676,0.582064052615909,132.123634139242
583,2.80152845696124,1.69747491020668,3.46080783346098,0.320969144666475,128.683814432417
584,3.36214775737173,1.29074653007035,4.17288034395963,0.249394381551228,127.565384056045
585,2.60788175304835,0.173253762632532,1.55394130483148,0.479200320972412,131.365766162748
586,2.16946849798636,0.24605115883083,3.26707772516538,0.278952748661512,132.213529282517
587,2.55689278979686,0.0980974378365178,2.18649930089516,0.905056154185748,131.918191234595
588,2.66716821938379,0.0609671423731691,2.1740241145795,0.914995546565751,131.631093033163
589,2.30882905086348,0.0725019171375559,2.7431675162248,0.38710159716273,133.147034403654
590,2.59188684922522,0.568036589615828,2.62889269653482,0.124099905615395,132.483278412455
591,2.57269833540632,0.0949846549758222,2.35534885895471,0.00106030396819121,133.326389149459
592,1.99157348400312,0.181507287997929,2.31544903271963,0.302262360274772,132.936292255575
593,2.58296423758299,0.0428524597076253,2.16990950876227,0.226620173953892,133.053345143926
594,2.80060706110581,0.0876044223864986,2.21966128051261,0.919645909374951,131.265477573669
595,1.96154826417911,0.155594478536832,3.18446604045364,0.539311366159753,132.155570642033
596,2.24967693944118,0.578807518316315,3.25740861743168,0.901903836384237,131.21793751681
597,2.3255370709277,0.338018307428407,2.9197718720575,1.19913169162086,131.756374590442
598,2.48061968391688,0.712827957757185,3.06507193200349,0.0561761989232549,131.726323430886
599,2.27670092708422,0.487722746162731,1.4767314974986,0.123747477669081,131.751486824263
600,2.35996027842821,0.181914943296218,2.74420272050332,0.651542129884209,132.693045556181
601,2.10524335931331,0.122524577944334,1.82414255951324,0.231241221479415,133.007235126824
602,1.68607517173213,0.137653020326698,2.67452329339564,1.6733181411358,129.966505873745
603,2.82584071311682,0.0462162638643205,3.78955063317755,0.843610665120525,130.459779496568
604,1.80589001421497,0.153750977905865,2.83951668049501,1.19400180416239,131.313252428314
605,2.01819562682626,0.0666888525801287,2.86224132146447,0.841273050889921,132.558124214863
606,2.36659772135156,0.222092600144494,2.70720593240503,0.088626965965678,133.138094741963
607,1.73851295400144,0.323955947995537,3.33190472058618,1.56059678369493,129.821559204072
608,1.92387435760128,0.0490624528159103,2.98817108607473,1.66435093872922,131.37452884982
609,2.41090061903335,0.0174566403491969,2.74195489943395,0.851406956148724,132.627574451701
610,2.5205755203165,0.255956237983467,3.16231116501479,0.430614297579481,132.205365464903
611,2.24972664089156,0.407135631171426,2.64989612019804,0.841766784894293,132.033492399935
612,2.4202245624674,0.121040925840044,2.65466844726968,0.878257223191557,132.467378841732
613,2.59728726757253,0.145952640368094,2.77065615490037,0.151811614242392,132.796263769578
614,2.5336505265165,2.02021517983926,2.89880959823517,0.132070809541819,127.560428374506
615,3.60331741992117,1.37754102758765,1.49227590043946,0.165389738005486,128.830239600313
616,3.5580020835544,1.29813368328864,2.76308218179564,1.05180773163837,128.874097408073
617,3.55586429913027,1.2593663349274,3.7731837447225,1.14039310484254,128.042428787074
618,3.46794613621196,0.981390252824065,2.55817200237382,1.73516666152748,127.849560597642
619,2.97886357398159,0.606663994232708,4.43200298736303,3.23674841557907,127.923962152329
620,1.76978239687068,0.130718039134084,4.46850138835808,3.06881032084128,128.793517424244
621,2.49932701499835,1.35806421040906,5.55522918184994,0.762031404592028,124.059166321945
622,2.46637999021443,0.739650999901424,1.11534840975225,0.471202700810087,128.555937521275
623,3.12632184107818,1.40272410977189,3.83250221294953,0.784889963657185,128.779251937994
624,3.04547170614224,0.402725547525362,3.43929273638267,0.954447355599046,130.22076775286
625,3.02296484342475,1.26738964081728,3.23370036828607,0.66933615846834,130.037961273253
626,3.31531291039224,1.43587691170318,1.74357503873962,0.687714263772375,128.892922971382
627,2.85130611896596,1.9403930071489,3.98312411216124,2.41639096333996,126.354653963687
628,2.84122874397973,1.2291850672981,4.14713548795613,0.781456292316753,128.616559125551
629,2.47916916204872,1.22963507615193,4.98497494775599,4.71663786509971,125.076591819847
630,3.77817660640455,1.75360280382968,6.09420128243354,3.71705348636225,123.656606772033
631,4.01278284406864,1.67434882869339,6.2994622494623,2.98460288053843,122.304011447033
632,3.43074551598401,1.78450186849743,2.51546722877037,1.52827503035892,127.833925824163
633,3.79556607095895,1.08386403143455,2.19095601934776,0.266382298160585,128.896078728515
634,2.2880706410406,1.08486361987479,1.61645026280062,0.117140577184819,130.344559112678
635,3.14946003755461,1.08849127969261,1.22763459448588,0.544927954300335,127.886491515368
636,2.29945904914762,0.913306627085453,3.87967182220797,0.96831524177252,129.432304565681
637,2.37871205764152,0.350576518108645,3.26609411950306,0.777430027781375,131.884415907792
638,1.84658141584584,0.349261449239815,3.1615934166511,0.704166163769327,131.064321695919
639,1.47440940637417,0.304383907336522,2.14809479096243,0.283439664408393,129.684987587794
640,1.93817986824843,0.0782702142007599,2.15736748429183,0.232424983676538,133.173996096531
641,2.5034388596654,0.161966044133735,3.7910282477851,2.10428539169275,130.637764735027
642,2.11480918913804,0.00864936345595971,3.66968173350512,2.1892547884541,131.070893884531
643,2.1418405315264,0.0303089232407715,5.13253875200256,1.95808463497173,129.342499381776
644,2.62368570269403,0.17165704625535,3.81453772386887,0.00373442818633844,130.779793730544
645,2.97696716341348,0.643760921001858,5.0369967263107,1.86634069385598,127.693695308021
646,2.87920625314762,1.16106867998698,4.56275027299988,0.725456464965705,127.73155116781
647,2.65549907193694,1.03530592594225,4.37110666980883,2.02116902942319,128.63184482288
648,2.6593047046726,0.980125611616593,3.70557454448374,1.9884411854265,129.371026193577
649,2.66042777122697,0.584516123762402,3.56178315678794,1.18022849170862,130.769716726465
650,3.28493343299396,1.06215271891993,3.05408602970042,0.831661142941273,129.846244922133
651,2.44099876026527,1.42572360649102,3.27136522509478,0.472195344379771,129.077092315175
652,2.99728276423044,0.982994845280383,3.24539967799583,0.41174979473928,130.541717316324
653,3.94567736940315,1.96343583915572,3.8901730575874,0.855216160286311,126.606251459245
654,2.78396860348141,1.47300732395533,3.65255354654375,0.905294408610143,128.92128519282
655,3.11348381589336,0.473382760790256,4.16860488384176,1.62063411543264,128.795783724079
656,2.42924203541755,0.145193411520557,3.17078390590652,0.287683164283466,132.496946790015
657,2.27948259947754,0.0601562069475114,2.93850901492261,0.619330972955187,132.842683877172
658,2.44824896525649,0.462850888310519,3.76935695279847,1.06112404009578,130.884762201285
659,2.53204258579222,0.286227327365847,1.93252061114886,0.406120748616357,132.419993545889
660,2.3002176072578,0.465499551218164,3.56354476548941,0.824725351486797,131.213652939719
661,2.50472441408102,0.890236616115816,1.52881919585124,0.399715430010127,130.417562253831
662,3.62046124320693,1.22655713574666,1.52943626973403,0.175601647853749,128.859196598116
663,3.02317636340409,0.792156655194004,3.40468083764586,0.21809131233291,130.419527647969
664,2.57272042898597,0.251786352384799,4.41884285436613,2.80534475174365,129.485805792593
665,2.5577650161944,0.0518930422279285,4.23238138142015,2.64393560884956,129.917303984092
666,2.38723267349891,0.216177559061926,5.10849225713894,3.16507542965168,128.986010310358
667,2.25728890872247,0.27401836463835,4.43141941328367,3.15145656516012,129.352349101987
668,2.22502724772407,0.357312993674145,3.5464436785757,1.12151218380148,131.317889362282
669,2.35176004865764,0.0328355407499862,3.0209529628062,0.916998360516895,132.509748319201
670,2.86064248996645,0.380433542440351,2.81564529098801,0.152314728079752,131.968795575727
671,1.82094496021846,0.0318535905063016,2.11014597826488,0.0533157358267223,133.240139163747
672,2.64821351353949,0.743566771988342,1.73300437050005,0.171853832251001,131.796958801949
673,2.92705885180003,0.00512629199741556,3.08713034387669,0.655181547904057,131.100495177638
674,3.25303282691689,0.687041439657305,2.15931447284227,0.803529094649086,129.910918801989
675,2.15366250495256,0.238844747612179,2.05980513998463,0.863837488004269,131.853364269201
676,2.38709477190292,0.243354350713899,2.06222036244705,0.285661812085564,132.986803959988
677,2.48243104518274,0.890614927739414,2.91854795505243,0.381485778014807,131.354027399737
678,2.83765580057602,0.989711706996191,1.43009532642169,0.162442932144423,130.492133297347
679,1.9815094711092,0.44259227992215,3.20676089217544,0.171858127368536,131.377956444114
680,2.58052405808346,0.596694577087949,2.58489128368694,0.0487803031856149,132.542735946685
681,2.34939928439185,0.133243156607146,1.83797915260676,0.242412605969613,133.004738660989
682,2.38926461392325,0.186941584943668,1.775485473963,0.321467476951662,132.623248386882
683,2.14164106389431,0.221451216812092,3.05204720200648,0.939896494534792,132.137114521265
684,2.70964104498498,1.01439335813579,2.05196956563106,0.839599927325606,130.411818720519
685,2.21290286785645,0.322484676678564,1.88330970950977,0.247161848647528,132.692905362143
686,2.14521218471379,0.265975686886374,2.0841618051866,0.388066393932922,132.725220314954
687,2.62732247872583,0.362738138446958,1.97025912118174,0.1803632633554,132.65374230307
688,2.83478082272208,0.249699438961026,2.07314559934678,0.136671712607019,132.380067156089
689,2.56116558289244,0.517498892338195,2.14107656618168,0.135639098009653,132.713693932957
690,2.66930797249826,0.0140020011125536,2.09577145919323,0.203216116176537,132.833402652204
691,2.4672205233615,0.610291127074271,2.1885808133015,0.343092676245308,132.28816099681
692,3.08420705043321,1.42292168802112,1.81944921959745,0.575159150109845,129.641333246129
693,2.19225198627078,0.292444969787611,3.4165915723975,0.0827921654288338,131.857701682501
694,2.29726784701411,0.0149925432755302,3.04618892295011,0.484936856139936,132.88599266308
695,2.54316649856723,1.34620409717779,1.91142458043129,0.5230899500468,129.789127938395
696,3.1222309376699,0.0321659880073693,2.78332195987373,0.534040301371499,130.592674481635
697,2.51089091536408,0.239206550503676,2.21654723778382,0.0437138560197109,133.283865373965
698,3.0664589379279,0.314184590881705,2.42696795829699,0.140615139845036,131.599689993621
699,2.31970961704473,0.128767405035303,2.36551411203615,0.127450377343077,133.504213061389
700,2.03592046869212,0.175729773801551,1.92524060033538,0.0246910543531615,133.28212382157
701,2.05245245584373,0.112675793388158,2.66128366654551,0.307990847261557,133.116817218631
702,2.12566209501317,0.244147290958709,2.73235106783705,0.583805480845334,132.579720809325
703,2.29713784304172,0.274817949016997,2.3321781297496,0.215151193594842,133.152501771558
704,2.55767964200175,0.36678623080533,1.50818414884256,0.235016233645439,131.743290556822
705,2.5122842041002,0.725941978447264,2.89221183868104,0.653222506389803,131.574599919056
706,2.68983912420737,0.771563860239159,3.04262815288635,0.592793274720192,131.361395327323
707,2.9278840657227,0.0241694834980777,2.57353293788915,0.412668905732246,131.677870473539
708,2.19395359729773,0.06684218227288,2.42775218775975,0.488453811133717,133.191969723174
709,2.21006605196722,0.825902728617238,2.41707905326101,0.581255334408229,131.079996412397
710,2.75169091638035,0.250451949710379,2.36547037230837,0.300583757869998,132.454707774325
711,2.60075387467129,0.275507345772795,3.40795683953307,0.629838702194266,131.636160900014
712,2.68660007477575,0.724883161757551,2.53172266704225,0.388910461334207,131.96404545032
713,2.82753819399462,0.937458453737985,2.06787945788346,0.386059071655432,131.391285667872
714,1.8952333531131,1.03678262914964,2.59322257866472,0.867018952140855,128.404165072062
715,2.35220141363923,0.733990108834988,2.50439558362925,0.76438712809379,131.402244960767
716,2.43015645800843,1.38421621750583,2.46063788021757,0.174498125216557,130.210473478987
717,2.80454663192109,0.0372958164750256,2.53290384756397,0.266652106358266,132.321477035517
718,2.77432739505378,0.255111855708478,2.25972554174371,1.35823624144973,130.46465608475
719,2.83284576600564,0.795355243261684,2.85632810171188,0.352448797481432,131.524548177862
720,2.72816385162583,0.909178429970664,2.51600368616329,0.668960115786154,131.284720521254
721,2.49289202096983,0.793996915298217,2.21551194831083,0.0398513975139234,132.32821843425
722,2.5441985134466,0.625688676832303,1.63572058589496,0.385254571022662,131.349575921206
723,2.30990728260297,0.506179573207208,3.41222867567907,0.319993310750755,131.461136227164
724,2.06548485411077,0.232062969839738,2.35694682457798,0.0253316949177,133.265885390632
725,2.24216733039321,0.34602527782007,2.05347271247605,0.118262215146079,133.048696779724
726,3.11711449132784,2.01679276723771,1.83395519966101,0.132746471981389,129.256549972901
727,3.13329296304147,0.46644941616002,2.89869488949176,0.305261266315102,130.89554376621
728,2.04894184291177,0.754039455437237,3.03395182732105,0.0044775290930427,130.804757387751
729,2.4700925123525,0.00603745993865967,1.58553169505772,0.0228030427821832,132.975485880652
730,2.59407015198567,0.206687610082746,1.78893358175248,0.370495595656803,132.231346221137
731,1.95010185259855,0.62718580864873,2.07742649725565,0.596365915221304,130.652633179215
732,3.13000652249209,0.677905063268075,2.98863402119845,0.517435242097444,130.68942257141
733,3.0052562534191,0.652364683236173,2.64116793387462,0.281508126961209,131.53057115248
734,2.29116633385661,0.524771691818006,1.74962562420024,0.196685308287924,132.167166999766
735,2.3953292673377,0.677550542728857,3.31064090858498,1.66810316431863,130.417663927631
736,2.08168349776817,0.0701278542761451,3.42071861542215,0.784563073793722,132.162877917787
737,2.83890215685344,0.492176997182552,3.41726116882037,0.278459710299077,131.015647935826
738,1.74110074870708,0.0342173983502409,2.27051504333323,0.574275746123637,132.21749520579
739,2.23572516527472,0.473545674007247,2.25588917289245,0.420903919215568,132.365931855293
740,2.61590262035512,0.703402745165458,2.39333691702684,1.10159555415818,130.949860186985
741,2.89554405454496,0.449859851200694,2.31355603730984,0.826576871183395,131.176752578121
742,2.82389894591487,0.0955924233588841,2.08773224157711,0.0357468300135743,132.582295571479
743,2.80220424003901,0.248006842853648,2.78412213954712,0.904693922523013,131.526621783749
744,2.7656599832951,1.17851350044282,2.88055197570034,0.0414344517748348,131.05394295365
745,3.7811641155675,2.47325504696236,1.87054073032954,0.0422324234378691,128.471658662691
746,3.24375501776446,2.42991529922528,1.51857205923614,0.23881205824161,127.251040481015
747,3.3936860085519,2.53558247278176,2.98524317508128,1.6573692328841,126.306972005043
748,4.45144497971615,2.46003603173321,3.00478912246457,0.447467232211821,126.510256692722
749,3.88713545787508,2.83039548949538,1.66832789739758,0.541946735503139,126.269220966376
750,3.54752240167257,0.173536398588546,3.22854212119264,0.643727409119467,128.02343033069
751,2.41011983707053,0.27281832356794,3.14159401302589,0.817822624017257,132.105110245922
752,2.04878476398275,0.203935103789356,2.57427403509365,0.281825907163713,132.949940725945
753,2.47175692917169,0.194778437997621,1.89605570210834,0.043585022409925,133.239205442552
754,1.89694684082587,0.126820757760029,2.22899751520281,0.00344992500198574,133.247530011742
755,1.86176372124579,0.253276987586096,2.65926195363656,0.335073685637888,132.190980657975
756,1.87788371065303,0.654209518483933,2.68787409603002,0.603267953657318,130.406515181566
757,2.4402635620697,0.110000793352663,2.10055046453356,0.455019074588137,132.855938658926
758,2.67461546214987,0.327765568443939,2.23038440653857,0.0985542599256939,132.845561051778
759,1.75221407214663,0.325028162643578,2.87973623038648,0.215945477080742,131.315435759267
760,2.0433862707231,0.301482718396831,2.40139256506396,0.199117123845715,132.820660919546
761,3.52335120057593,0.814319982890407,2.43265792703989,0.664818262109786,129.354266193423
762,2.78972171207587,1.41582471522383,2.82906836181331,1.72582121422502,128.676661535712
763,2.76534621451461,1.25436714999269,2.61764263942053,1.01830360556188,130.092882789208
764,2.48817688452363,1.16054698331782,3.73729533231329,1.6533650802995,128.97838702342
765,3.18170748463518,0.485231125396381,4.12144966896256,2.03446921669828,128.442065555523
766,2.35175597125046,0.0509229174360589,2.56214285001782,0.203243282534054,133.426079869278
767,1.94501713111098,0.00544489923470955,2.69195222172962,1.0663002468405,132.334745836608
768,2.36909916036579,0.0239557099584175,2.61533904073925,1.98040696009288,130.674099893379
769,2.54024619190756,0.322946094225502,3.31177399318073,0.513809645967865,131.855572157102
770,2.9542531728761,0.300818732382567,3.49666356531212,1.18473694621594,130.339528243391
771,2.76105947670279,0.621832767608488,2.76157021048756,1.77702500928701,130.018398792282
772,2.38601139189764,0.899981915385974,3.71005770619005,1.70668234885636,129.569293183036
773,2.89191118804607,0.697119585085295,2.76860859675761,0.267591920013283,131.6726217032
774,2.07953960361479,0.20023793515065,1.75988172233983,0.0519970220635239,133.040778572246
775,2.4549552302166,0.398278700181541,2.20643264032007,0.266424242344704,132.806741101202
776,2.67631495244554,0.0627700270571653,2.8937638204848,0.320972419580054,132.400447403222
777,2.15949487912515,0.30828665559735,3.34313621261538,1.65582812091073,131.09860400377
778,1.94456125002494,0.298008160033273,3.37236038111469,1.34648014228544,130.958445576196
779,2.90595634259377,0.372158251829358,2.56083028195954,0.848883251910101,131.260529280625
780,2.09616627259732,0.313082742355499,2.52657854288669,0.135474356037725,132.902361889725
781,2.30973765213638,0.320701322184484,2.16312276846093,0.098749596440223,133.204780129959
782,2.47368724484558,0.479745284542381,2.36616929359587,0.179969673035482,132.782567803174
783,3.01168643171109,0.940961066985531,4.01861277541299,0.211564808464089,128.951707879571
784,2.37769426614765,0.229944845516957,3.00664256317086,0.0304295655063782,132.756038576687
785,2.15961950509979,0.135520216185729,3.34911297011807,0.709949645651589,132.202819931877
786,2.22096052883537,0.258887640881473,3.34834124714884,0.837332768253094,131.913732007691
787,2.20992068887693,0.00250618353341653,2.56025319552725,1.68628673833283,131.372977353771
788,1.90818999379423,0.0500875310652265,2.54279258363816,0.0158428279390442,133.352911995295
789,1.91763863520994,0.0165376646499338,2.87134711758738,0.128995212478608,133.055108627538
790,2.56690003393934,0.390498211824182,2.17294277782292,0.0280675044239678,133.043972621124
791,2.27914457618495,0.17462197883174,2.18515556134197,1.02432014090043,131.900523117645
792,2.593081357796,0.433498639526647,3.43362838856817,1.86691431697173,130.567488732725
793,2.12341958957144,0.272513920175275,2.89655329088279,2.03400178064186,130.442430657774
794,2.22440742450814,0.494232744015777,3.49174551131636,1.18692792419981,130.997172909042
795,2.44643647153668,0.428500413327368,1.73948822752405,0.119311000927988,132.559378033908
796,2.79411600732901,0.165675559335893,1.60798910218994,0.475785776809687,131.056146301527
797,1.71681404075801,0.225566103513481,1.80781701359957,0.504904928630823,130.917107142558
798,2.29098029984261,0.359102098206287,4.40119709301379,2.03166339624193,129.949174966073
799,2.21378434451412,0.0874679942350318,4.27921521586152,0.777435768935202,130.60699199616
800,1.95143314049736,0.909507967704823,3.56227972865227,2.07108807113106,127.784919270105
801,3.24982882741945,0.368779832011398,3.82235513220837,2.28223865120653,128.100670319077
802,1.65495788873426,0.516778469088804,3.70896018451995,0.246651069545341,128.398653304958
803,2.35410677256444,0.373395638906869,2.49666500182496,0.17101808090718,132.964915134523
804,2.8490514961355,1.59762482404216,2.29429941521063,0.00167754566763057,130.590628265241
805,3.71511691444813,1.68248824342107,1.5903098147755,0.0768005867871931,128.905320232577
806,3.69098568290145,1.80654962367437,2.1684525345295,0.00560398385471597,129.658421824469
807,2.7871271386063,0.304196680484141,1.89402803180807,0.357843773676855,131.928134621235
808,2.83171738808546,0.616669673378069,2.57784653826379,0.171919230372723,132.09160844347
809,2.10873542408655,0.188473403674329,1.78170527077811,0.46147234037464,132.286679493122
810,2.22842856788888,0.128755893218788,1.45816755885397,0.206174758177733,132.238591250658
811,2.50739008892928,0.0247009326538177,2.30714326498542,0.168831747397366,133.334614636075
812,1.68121396331938,0.141649917828059,2.46546846297925,0.497032138701207,131.690254095545
813,2.35383786401428,0.32797658180719,3.1003242613135,0.608251129449113,132.211275720365
814,2.39264422037659,0.684670746426784,1.87461084424035,0.353836025576506,131.753636494032
815,2.18643769233285,0.130811527303981,2.44250337975938,0.707932490413743,132.759332499388
816,2.66369418799862,0.191459463883615,3.20061198308868,0.814183359331295,131.743975081728
817,1.90040518796704,0.495358299050134,3.79385168184565,1.97504362081202,129.286290505826
818,2.53466729990374,0.442557053464021,3.94816033352921,0.573300742408576,130.530517509889
819,2.11010886382548,0.599479165319873,2.59874095758617,0.61277256552142,131.529278835474
820,2.32546658184736,0.479523296589621,2.90939688405285,1.62134437310929,130.860727886966
821,2.47539943502264,0.834438917761289,2.13693753997716,1.34185626414826,129.763131063978
822,2.23089812083691,0.581058542104983,3.13669342701059,1.31715956586937,130.907702193427
823,2.20883954135389,0.2687031701831,3.53589861433538,1.70060299114746,131.113675483632
824,1.9254659745909,0.0269989060710196,4.23189412784201,4.03883397891587,128.200792313819
825,1.91054683371771,0.033721692126288,5.91539801640404,3.5991638991481,127.990784200727
826,2.51530553158173,0.0489602316852947,3.54751928317017,3.61943660584207,128.155216288116
827,2.39093150954669,0.100671019718987,4.08893453204757,3.05284898646911,129.738962769846
828,2.36229754942198,0.861227545368321,4.72747835159028,1.08982955827443,127.992846591155
829,2.36556067476703,0.510925372064175,5.32523268846788,1.60996183584957,127.791746621985
830,2.69551444879699,1.3693918617446,3.41994982032957,1.97179963072547,128.524496318134
831,3.92124876653054,1.4823514847526,3.23457427457528,0.680334624394073,127.705557519937
832,2.39672074581654,1.05231791146363,2.98445221065622,0.614380916319703,130.53395221299
833,2.44177346359247,0.0613110306159755,2.52923709486877,0.147856215618389,133.367744976438
834,2.82299920438127,1.18906030106384,1.94716734010577,0.497169894626138,130.587801095001
835,2.96949043954772,0.703249228900436,2.24119282188019,0.992563165585141,130.477874310189
836,2.54943130684443,0.908199359657756,3.73448834528462,2.30244712534868,129.158069335855
837,2.75418723589301,0.264195589683233,3.54031280388456,3.23971713787207,128.273277329493
838,3.04424621187074,1.3817510782658,5.52810571523233,2.96645477589071,126.111417366136
839,2.94799596102162,1.55527679561038,3.83217467123131,3.77993004910391,125.46085281235
840,3.31306160343895,1.35960265633484,4.3284771789312,2.43730330762703,127.397422583745
841,2.59447342677415,0.203610367092617,2.28045694335394,1.60981347078545,130.383634711889
842,2.96785656740539,0.21532115440555,2.61286217051962,2.35536943473211,128.166982424515
843,3.12964562135261,0.642716899457882,3.70675060656402,1.67774564566746,129.244276099106
844,2.74288820690908,0.441762084264342,3.11950059025939,1.04864939788367,131.278871972056
845,2.21808190147783,0.164783858949637,2.40181808331713,0.181176375935677,133.385377422873
846,2.31944731470044,0.173526131529402,2.34796153184045,0.286022948471173,133.242066475552
847,2.12381349077614,0.0610248886668256,2.32877787146924,0.081566419714151,133.692972492718
848,2.16998327842607,0.0787294675711947,2.16226475291898,0.73095790243906,132.623391430561
849,2.19439208333204,0.0300105716515612,3.8653682482317,2.22457840534669,130.943135457849
850,2.84125531455205,1.31937785681379,3.49641871058146,1.05050438456629,129.498967719094
851,3.38614625180833,0.604657399898261,3.78781386050064,0.292540095793524,128.42725948636
852,1.89043212533739,0.0963908882700217,3.19524579008653,0.172295948577578,132.25659621557
853,2.17220429291546,0.0166350222639633,2.15855935595486,0.0306021397336569,133.871293979944
854,2.11161667618156,0.117944591140169,2.02185796591427,0.337210394771597,133.074724698335
855,2.32770023578906,0.72127619945269,3.05383944300405,0.249618622358123,131.523650424867
856,2.69711932725289,0.961646291172898,2.1562881230394,1.38655741561443,129.485207131223
857,2.31164078364166,0.146058640097718,2.21657147669036,0.879409437611194,132.269490809937
858,1.92812298527898,0.245685584391232,3.27074159257322,0.835153559808524,131.53089513839
859,2.24584636150137,0.128748469086007,3.25401099328548,0.935259275431254,132.226608823398
860,2.16766140072718,0.251842735225879,4.06573499141278,1.72642204197015,130.630748772164
861,2.46103592322306,0.359618985011992,2.27435592978332,2.20415049599942,128.830062234853
862,1.7866513992917,0.24342818198558,3.21956320090617,0.531366757755606,131.224169878565
863,1.53188119036911,0.0752394150213288,2.82885937581142,0.629125090997707,130.792242626651
864,1.54480982003393,0.0843027172563737,2.45384841556368,0.720708825757131,130.794268778722
865,1.55764344235126,0.334044812502026,3.82041503475866,1.80985752646385,128.070210952673
866,2.99397612521016,0.0969749981125212,4.11345735333135,3.1344704460471,127.975794488826
867,1.62670948875287,0.144191103842052,3.88285214354402,1.7900995829824,129.390214722337
868,3.06836280580319,0.466809231865366,3.47848588947626,0.132367665066676,130.233559785311
869,2.64470707414299,0.191062858399222,1.3731528133729,0.789342640220474,129.635646638645
870,2.21534718869998,0.173903363690446,4.88344591333091,2.55825614836749,129.549781102559
871,2.28392795116992,0.287329160738402,3.86792643457233,1.37518625370427,130.999156545205
872,2.89774075672204,1.04165775620092,2.94824988200011,0.0945221702641909,131.140372882789
873,2.56024997246466,0.0792479035139875,2.35640907407914,0.298873706780298,133.016329169573
874,1.98029412889353,0.13188856546774,2.88794244329102,0.823315579570109,132.32271035144
875,2.47052117812791,0.610822616808884,2.98719037823405,1.53566577999977,130.778219084481
876,2.46622730338201,0.549251267987872,3.04630223407622,1.52747845408827,130.918885545715
877,2.22607771898819,0.265130601628324,3.52576522457447,2.72387800642227,129.811612691754
878,1.94268772051946,0.617912004537515,2.85992940940551,0.0165122690905833,131.161420148374
879,2.19442313325439,0.531892066334906,1.75315615152496,0.238076805637014,131.934244514366
880,2.29609925895782,0.510439765172203,1.71541507848628,1.51215373312961,128.675504314653
881,2.50431970599988,0.683636055021711,4.30804309326452,1.95405739775404,129.463023072013
882,2.60092894060534,0.163456157967159,2.42474379407946,2.30621895249825,128.970259802905
883,2.63770485815296,0.817268828766566,2.49428481821253,2.31977536544212,128.198586297526
884,2.55778396795237,1.1276120717241,4.33875337770989,2.12030749768988,128.322930874492
885,2.57487033831655,0.995807791087978,4.98529521345018,4.38411163716394,126.381238823264
886,2.66519672651989,0.751292318613442,6.57320249264341,4.12519687676757,125.959959051941
887,3.2493884688772,0.48895079749435,5.66746202252401,4.19618618942348,125.642867647481
888,2.76108221455912,0.684831514371846,4.23851220040778,1.02235998523507,129.449408499362
889,2.40920013173004,1.66693151469597,2.06197714501066,0.594791683996559,128.21497216671
890,2.464405876414,0.961855072076335,2.41091369555155,0.135276788171114,131.723719504692
891,2.87000608169961,0.995525706479451,1.85153279884181,0.0297547630056103,131.674425097439
892,1.86739858794326,0.19008205431831,2.77416680087419,1.12178258359771,131.503608416441
893,1.92356026632921,0.0169151277673033,2.85412896253834,0.742672128814248,132.622593678345
894,2.0958097013944,0.374243428953537,2.43832771102764,0.657006746943544,132.126003455279
895,2.43598938172709,0.215131457046077,2.6337013838451,0.636270382815564,132.631812759498
896,2.47313933039196,0.377911839759263,3.41697778322291,0.92743744911506,131.540660228741
897,2.3153903901707,0.346537291206048,2.98487505400903,0.0534477508532519,132.584077438769
898,2.60873191661058,0.312277119435178,2.37980861338079,0.3814391114637,132.618596456948
899,2.77683525798754,0.17750199835539,2.27378421818617,0.761548716323823,131.677815547392
900,2.25430677131033,0.0440026276030876,2.38382416709467,0.254777600854561,133.520205394112
901,2.67720893919694,0.0527165331876768,1.90042483781168,1.18613317083317,130.432760577168
902,2.71465029137141,0.316897159570852,3.57227698812387,0.635850241322871,131.109664141332
903,1.8727009811159,0.19031189796453,2.64647811182582,1.15193641599711,131.443983880368
904,1.75473341441964,0.126414149779681,2.55966097838055,0.571801177144341,132.004785842964
905,2.32787619194057,0.0726115504357711,2.5650455777579,0.512936355063433,133.090704212979
906,2.17281743170975,0.0864404095772304,2.45285720522121,0.453881616639637,133.194577853932
907,2.55171869959468,1.015435416394,2.72329920475644,0.252724331790911,131.375301967402
908,2.84504099090635,1.35232781136376,2.54653347031449,0.509243649826264,130.566875625216
909,3.00388631266164,1.37761690121059,2.77703808454927,0.335178399669424,130.549257429682
910,2.96347630444459,0.668754723615887,1.9479331566884,0.407915418411389,131.274149790527
911,2.09621169308598,0.278108712745992,2.27482170640972,0.405716376521482,132.711206259288
912,2.59176128943441,0.178637274796844,2.30270310192079,0.436530731152956,132.679943978338
913,2.31809734038336,0.0857250848092998,1.80911995048989,0.3878113957325,132.749300334456
914,2.29463248748395,0.022280149300981,2.0632884499505,0.228694064340867,133.482574752453
915,2.25918628397449,0.0692883797188749,1.90977438947968,0.438612494911008,132.873245545011
916,2.10878360925165,0.0444752632704764,2.23456952665476,0.0714701779521556,133.743314143775
917,2.1222447364955,0.0161415877487575,2.10854078904739,0.428039864260808,133.22443668522
918,2.06578967608203,0.323069581406397,2.03271867456755,0.719449999551607,131.755706316568
919,2.28254667032791,0.375569608208519,2.73041530670862,1.44586965993195,131.259306758384
920,2.26733906656843,0.444370383104422,4.09996207653442,1.38319293058357,130.305217949657
921,2.40231193652393,0.787726646619865,3.62910283617169,0.710015758576023,130.428289125387
922,2.97512598022012,0.233133325666094,2.87022075582299,0.0678526312513446,131.584050399745
923,2.23875421213807,0.564429052659947,2.29666566792403,0.222512293912648,132.416018220103
924,2.54556433604352,0.147318238220837,1.67757433114608,0.092695879048252,132.755136781829
925,2.08308470801374,0.0962208968530934,1.70094727600376,0.187936235140023,132.916591839577
926,2.12981136880672,0.235037784280142,2.38763023329727,0.694975662881361,132.478320841275
927,2.34305358513135,0.596550273370919,3.00792128226201,0.361142027023072,131.874071812742
928,2.92136408165974,0.609021458988723,2.71657036573773,0.0321786981333526,131.88714127442
929,2.69364124631385,0.561796612664029,2.93797911312387,0.118227513823842,132.040045179427
930,2.82661208445633,0.0249671494831157,2.17944996080898,0.14763470382684,132.429852952909
931,2.73188392683709,0.884770169967073,2.47436493242047,1.13139458294882,130.590957405879
932,2.67270947151616,0.415514322202443,2.64320155273498,1.65880316622967,130.486505039256
933,3.12710008032725,0.364436603196947,2.8332899245073,0.874290980696815,130.442905331905
934,2.02133082484034,0.236599701495723,3.14039572614034,0.0141441477856625,132.279332934856
935,1.48176529593367,0.345040547428646,2.94209844179168,1.86707833788272,127.417399323749
936,2.08624938807231,0.0260314056833021,4.00357853568683,3.58371070428758,129.080879143614
937,2.13038107244667,0.102366536954322,4.91243234367808,2.70681387556938,129.585373126402
938,1.97447910229846,0.125993505281388,4.33233799232827,4.33931907387232,127.545100741328
939,2.17663245465909,0.173760316109275,5.09144073547636,0.428855142618837,127.926484717621
940,1.90650543741519,0.167981103231853,2.02014713195272,0.548461890382522,132.15710143774
941,1.78070521286092,0.268126496955437,2.74689994741965,0.264545474893613,131.789482668733
942,1.91355454165519,0.118546383212211,2.56488604745783,1.23296887380698,131.619210922706
943,2.83014949557919,0.508527218454736,3.18983956002585,1.42910117273949,130.630620689085
944,2.58545834883045,0.712964780516951,2.49493857097722,0.950320181691972,131.278424468257
945,2.28980467425768,0.334643040224921,2.39125863202417,0.449514337043375,132.726523046775
946,2.00196742021925,0.170816777276509,2.83794914672261,0.054432927292496,132.879155727764
947,2.07806925690291,0.258860536526324,2.60301433683697,0.0081522082504448,133.067584134291
948,1.95228056781549,0.287591412941165,2.67048369709605,0.260479979375041,132.433335469774
949,2.68433256440925,0.499590463685513,2.66219054833326,0.244386655841472,132.341184797187
950,2.10609948359915,0.239340894812171,2.54158633157853,0.180962161538991,133.062362306198
951,2.27090586347137,0.463502881301211,3.52260996243828,0.242452344946984,131.318733652505
952,2.28773039260945,0.276054681185245,2.74541680399106,0.898679538384093,132.263330729491
953,2.44070774494117,0.187284938551196,3.6865655367732,0.676425154853524,131.506121933716
954,2.492779041266,0.387517465918262,1.13068424840734,0.208435749698718,130.194080629545
955,3.54680193887265,0.0333897693872299,4.11594537022534,2.31173190746305,125.874731251439
956,2.53749593080325,0.0762711968222939,3.33867295117054,2.96824785566943,129.216820006786
957,2.2224878835256,0.0886668754662612,2.88495461825562,0.932520227190808,132.547337986301
958,3.01742024553107,0.844834995524352,2.00728825853334,0.662174765383601,130.608846765195
959,2.38083608388657,1.75481535238601,3.79089918347774,0.509677436369077,126.524881669066
960,3.14132622344193,1.31513528971537,1.30882918856542,0.392011759486435,128.552477867251
961,3.26885981919194,0.375959836196857,3.11908191377807,1.17515505205559,129.427054473947
962,3.36861384591896,0.531218521196408,3.67708399169757,2.73840854394408,127.121367850141
963,3.0257610975576,0.0555870988238874,5.08322597192139,0.788295503965596,126.596949331329
964,1.57042202471091,0.271492850580821,4.87795052125829,1.30624155218954,126.756811337807
965,2.75963767996123,0.347031386799192,4.80817224278218,2.52118842198316,128.812088353031
966,3.3940713612366,0.713561724735125,2.55982862210959,0.0965237390661032,130.453743139259
967,3.46543245432932,0.195395082941853,2.6669384439143,0.886204207193102,128.667174308986
968,2.24109835597455,0.205103486864139,1.69150763901648,0.131378099250882,132.882068423556
969,2.43071771323955,0.0117891656288847,1.74096843372625,0.0103207814780389,133.365369139291
970,2.39895256639296,0.00673698072852608,2.36132343960426,0.0786788931236938,133.639925750788
971,2.44366095189307,0.499495113848369,2.55903991699105,1.11770789656073,131.475349457584
972,2.4399557364911,0.466151011754296,2.69559260072124,1.86006861317606,130.309731151677
973,2.82301579729758,1.15095533469918,3.71680741874189,1.72125708466877,129.228648705266
974,2.86842588941737,0.871632381723754,4.0092684410658,2.2393206763263,129.040693010926
975,2.91794709595493,1.19533771543211,2.73212071213429,1.92913071505087,128.697337967407
976,2.74785543268509,0.219246752988934,3.49316043770701,2.16127815690794,130.072453226841
977,2.22472754283146,0.710704749351964,3.64798048658068,1.32896913652724,130.129240885588
978,2.97644523581112,0.00566444611510226,3.23326483814176,0.0996526472175333,130.894141976951
979,2.26561411377331,0.63246256661526,3.22803811696561,1.33501421892482,130.764137726764
980,2.44778447288388,0.497023787021201,2.79505425419765,1.38199326293113,131.174263240238
981,2.26246380123312,0.305767378315309,3.65726110228318,1.07763459389491,131.337619176505
982,2.46184023646231,0.144843248353761,4.41394601869797,0.559092026737772,129.897757615038
983,2.11692599115663,0.122388174954305,2.63762140889823,0.376848303095902,133.11580093324
984,2.48212436644258,1.03613377102415,2.68914494191891,1.25871367296003,130.063777503638
985,2.65973185797871,0.409083035200395,2.70076685595618,0.352522065465768,132.356354914814
986,2.09440240779468,0.609211872559892,3.75659220804433,0.436396771962485,130.110277668683
987,2.4081443091396,0.925340425909624,2.88660972088453,0.654456271536035,130.985271790254
988,2.51188528453262,0.856824087642319,2.60145428833069,0.125731529648567,131.941243863189
989,3.03097753587836,0.991555994927835,2.3982894499176,0.0342719019636154,131.600914049087
990,2.73439762189884,1.30762096376854,2.9888576353909,1.4963074957671,129.340385348847
991,3.25419594920335,1.01769456569653,4.44174413360738,0.11270569967637,127.127471948157
992,2.22448199887522,0.556710666891567,0.782080028055837,0.175470973282807,126.983346610907
993,2.08860407536782,0.48796547920205,2.98589241635458,0.360061138039805,131.784844482915
994,1.94010380088136,0.0189021781219398,1.40137580997791,0.0562813434636598,132.403400368022
995,2.00344183833011,0.0418338748807551,1.56864803934032,0.376106898932453,132.174636578574
996,2.04357393667965,0.207837868587651,1.72732441535541,0.455939936334429,132.031052304474
997,2.51000892223221,0.12372752271006,2.06043702327392,0.510891291234808,132.589369885197
998,2.49076713060853,0.017993128703818,2.31418230401545,0.350996198137273,133.134889972951
999,2.12424514488597,0.224906530361588,1.81551440246266,0.128302890523817,132.97179824329
1000,2.73400828650045,0.328322030243224,2.94441523615721,0.81458253169197,131.700508587064
